5 
3 4 2 
7 6 8 9 
14 9 6 3 
82 18 19 6 
3 3 3 
3 1 4 
6 9 5 
12 91 7 
5 5 2 
3 6 7 1 5 
1 7 6 3 6 
7 2 3 1 7 
5 5 5 7 1 
3 6 6 2 7 
99 86 10 
99 86 90 60 10 60 66 56 93 33 70 41 87 76 96 14 22 66 83 11 73 30 45 49 19 73 12 64 22 2 85 21 51 29 87 39 72 76 59 96 67 27 8 43 73 76 34 24 83 37 47 21 27 44 85 28 2 63 20 83 13 86 10 34 10 65 58 19 12 90 99 18 14 71 69 60 63 40 4 62 86 88 63 86 12 60 
38 21 10 76 76 37 25 45 75 48 11 54 13 86 60 71 32 16 89 87 45 73 7 80 94 57 39 97 63 36 89 55 93 88 54 68 6 70 55 84 60 11 31 52 70 85 40 5 55 15 92 61 32 53 49 61 43 45 91 2 17 95 13 23 58 98 91 59 75 83 94 91 1 14 92 52 47 19 70 30 19 22 72 83 93 65 
92 89 13 37 5 13 92 44 64 10 60 91 56 1 83 32 94 67 81 17 28 44 65 46 64 29 66 14 52 36 34 93 4 25 18 82 85 1 95 55 55 39 49 82 61 47 66 100 36 94 45 29 51 49 83 50 97 1 82 78 68 71 57 80 13 78 23 39 83 6 71 23 25 53 23 60 66 11 99 92 27 6 17 26 52 55 
63 4 38 64 80 4 32 6 3 95 40 38 84 41 96 63 64 33 6 42 39 20 8 46 24 72 39 17 77 27 31 51 35 75 86 49 92 60 5 56 19 61 4 11 5 92 32 10 26 96 95 45 69 35 66 1 19 91 1 93 92 24 36 87 68 17 33 36 66 88 90 69 51 94 49 20 45 39 73 50 40 13 82 50 41 80 
100 54 69 93 8 45 48 87 24 49 98 7 100 21 6 33 68 93 49 36 83 100 54 70 85 15 32 40 18 61 66 8 15 19 58 15 80 36 83 54 98 19 33 51 1 48 3 17 66 72 3 81 7 73 26 78 43 5 92 28 16 98 14 43 58 42 41 49 34 44 58 73 38 15 85 9 83 13 66 72 88 18 67 49 53 74 
50 99 99 21 81 13 50 29 35 52 89 1 12 74 13 28 17 1 4 84 65 33 15 92 91 98 50 44 70 53 43 87 61 76 86 25 98 60 23 38 70 7 49 71 97 67 21 96 92 65 33 41 90 61 31 9 94 74 45 56 7 29 31 44 89 58 79 14 81 89 31 26 10 25 84 96 29 23 26 8 2 71 73 64 48 28 
58 73 79 48 48 31 12 32 64 97 76 100 67 53 65 11 3 7 37 58 25 84 44 99 25 36 84 28 50 100 27 24 88 6 34 81 39 10 87 82 19 74 87 3 12 32 57 27 22 78 81 2 77 7 10 3 5 68 31 54 70 25 55 62 70 13 66 5 83 31 73 53 98 91 74 3 96 48 70 64 73 20 96 59 58 5 
2 74 19 44 52 41 16 15 59 13 51 83 72 59 19 68 78 6 67 9 73 79 71 26 84 3 62 95 84 40 63 50 65 36 45 85 46 89 81 14 72 37 3 18 100 56 63 23 14 100 54 6 44 51 71 25 82 20 31 49 37 27 33 78 48 6 58 57 64 68 71 62 30 88 31 72 18 83 48 34 96 45 46 43 94 13 
42 100 54 10 43 72 1 12 18 25 96 28 59 13 41 29 5 32 5 8 62 12 13 37 45 4 77 77 59 97 57 62 71 9 86 62 27 42 75 61 84 27 100 29 14 54 70 58 76 62 37 29 56 53 62 17 42 32 46 57 5 90 15 45 63 7 7 87 38 50 74 43 71 17 15 2 14 62 59 16 26 25 74 44 66 65 
90 100 68 52 25 69 89 32 69 40 61 46 13 90 60 4 3 9 66 29 68 91 43 71 4 6 38 90 59 1 39 27 11 70 66 99 10 20 46 45 78 3 57 82 36 94 6 92 86 8 33 60 20 67 54 92 57 36 44 27 81 3 19 35 93 18 56 1 99 11 72 67 52 99 52 63 79 20 15 17 99 71 80 43 7 22 
85 56 85 92 17 70 92 14 74 37 90 72 2 22 26 97 55 53 85 64 92 77 16 7 87 37 73 32 96 72 61 9 11 41 45 96 44 85 16 20 73 61 40 42 81 94 29 23 48 38 26 9 40 72 53 20 54 20 25 63 79 77 22 4 61 42 13 80 21 74 80 98 75 83 5 69 48 41 46 28 99 76 79 86 61 96 
71 83 73 84 92 85 40 53 33 38 65 3 17 17 25 31 50 51 69 31 63 76 68 28 21 41 14 34 32 89 5 65 18 7 63 62 59 18 32 91 71 68 10 80 73 18 42 26 88 1 69 13 47 21 19 45 36 78 63 60 60 47 31 59 77 65 5 38 41 61 57 53 52 41 49 17 48 73 39 50 35 64 90 85 76 72 
23 17 6 82 77 22 25 71 43 91 6 48 73 44 97 51 26 94 92 62 57 2 31 71 57 67 27 49 69 24 56 6 80 37 50 54 49 68 73 39 58 35 59 77 73 29 42 67 28 74 15 26 74 75 99 82 18 37 75 84 8 48 45 3 36 91 25 17 65 26 41 7 35 73 33 91 69 55 81 62 62 45 76 18 36 24 
41 50 89 88 93 24 2 63 56 54 13 5 91 52 75 45 81 4 46 11 24 27 87 100 66 28 76 99 5 82 40 53 76 55 15 76 27 14 75 55 21 20 15 97 7 30 55 83 36 66 76 59 99 73 81 26 73 32 26 20 96 85 41 47 35 19 83 61 98 21 80 62 56 8 84 21 75 48 75 85 100 36 52 56 64 44 
3 43 98 82 49 96 18 84 91 8 73 77 61 31 26 74 64 98 100 27 14 64 61 26 38 44 83 31 46 41 57 8 27 78 20 95 56 12 7 26 7 85 31 95 61 11 39 20 67 33 11 64 72 42 6 71 69 2 90 10 11 20 55 98 95 2 9 23 40 82 2 52 28 15 1 54 8 19 60 68 25 82 99 44 75 70 
82 19 26 49 37 38 41 64 38 98 38 77 15 65 35 27 80 57 26 9 31 5 69 76 26 50 39 77 29 35 78 2 69 63 23 23 100 54 79 77 54 51 89 6 83 58 91 92 22 94 30 98 85 40 56 3 2 53 33 30 17 8 21 49 47 83 43 50 70 71 42 91 90 26 67 77 36 78 68 27 42 43 35 96 50 29 
62 82 58 89 93 73 34 80 16 59 99 18 23 97 93 77 60 42 4 79 24 94 24 75 100 10 92 35 61 66 67 78 90 67 34 64 37 82 70 6 92 12 14 1 1 52 3 99 76 98 18 25 8 45 45 12 37 20 30 31 25 83 92 67 52 37 44 35 8 85 67 47 84 85 48 16 4 82 17 6 11 55 61 36 60 30 
52 51 75 68 79 78 2 41 73 53 9 75 66 89 10 58 22 6 45 56 29 42 93 73 6 5 59 13 1 46 15 33 53 69 16 32 34 85 100 51 74 63 96 95 49 100 44 93 51 28 66 66 53 47 51 92 100 81 66 1 69 36 70 23 72 77 78 19 28 15 83 69 46 71 97 76 81 100 37 66 90 28 19 59 51 92 
94 87 5 57 52 81 39 20 52 78 89 64 88 5 61 89 48 35 62 50 36 98 18 46 14 98 94 36 56 8 97 25 98 90 22 30 15 15 85 34 13 31 67 25 87 30 36 18 18 6 79 54 54 37 20 86 57 95 4 45 6 19 93 21 32 14 35 40 1 29 84 2 69 63 95 29 58 66 99 39 78 84 74 75 98 69 
14 55 12 79 52 65 40 66 16 9 63 21 16 98 98 17 84 39 29 100 9 19 29 17 88 12 38 58 14 77 65 70 2 82 23 84 50 76 10 51 77 13 84 56 21 88 4 69 69 21 32 24 69 80 8 55 20 84 76 96 14 66 26 48 50 86 20 32 34 29 13 44 62 43 49 79 93 8 33 43 58 77 42 57 51 4 
80 48 79 100 92 51 77 25 97 75 31 44 69 89 24 21 23 16 85 38 8 35 98 87 41 62 76 63 55 77 86 18 76 32 17 23 48 89 96 72 74 59 52 87 30 73 95 88 59 99 3 88 73 46 18 4 26 13 15 90 60 11 27 99 4 8 26 42 74 60 11 72 66 69 27 8 53 83 76 5 18 60 8 14 14 54 
90 5 38 18 39 27 9 95 10 58 49 42 61 36 86 62 22 24 56 43 2 55 88 67 11 88 42 33 28 55 69 82 69 46 32 96 80 1 76 20 27 48 10 63 23 42 66 77 77 4 40 83 62 31 10 89 4 94 18 49 59 44 98 33 1 24 77 67 42 97 71 92 86 64 28 40 8 88 92 100 11 66 27 23 27 32 
56 93 7 55 79 36 68 36 23 65 12 43 88 79 96 22 29 98 51 7 25 99 20 25 68 42 13 32 36 65 89 48 93 11 91 10 32 26 60 80 66 45 19 14 89 84 83 73 79 6 73 53 99 70 30 61 24 65 95 98 31 39 76 53 13 83 85 36 65 48 43 11 70 25 26 21 16 31 51 42 43 36 21 85 61 48 
16 30 22 80 17 5 21 79 15 15 72 5 69 88 46 24 93 90 80 40 85 26 18 66 48 40 12 21 83 91 32 93 52 53 53 11 27 32 61 16 7 27 87 85 7 59 84 19 90 5 95 40 7 58 86 38 89 72 95 11 71 37 79 28 23 13 98 66 28 33 79 10 24 36 69 79 87 85 2 21 49 63 15 93 86 28 
60 23 100 97 38 39 12 60 46 15 45 12 67 69 73 33 55 93 70 51 90 96 12 37 100 91 60 96 32 9 4 46 89 2 3 68 8 18 56 7 22 41 74 46 39 92 7 2 10 88 89 100 19 22 44 99 91 15 41 98 99 53 94 36 64 49 59 60 5 78 5 28 9 30 33 68 75 55 19 48 43 25 92 70 51 63 
25 29 30 51 53 79 99 5 44 27 25 10 32 6 22 65 12 83 86 70 84 22 9 31 28 87 99 96 28 42 10 5 88 20 85 85 59 47 9 61 29 87 57 23 90 30 46 73 21 73 42 13 89 39 64 70 33 41 33 91 85 15 49 18 84 47 37 71 57 63 99 62 43 27 87 98 36 79 29 80 91 74 47 48 49 12 
92 9 53 41 45 99 15 18 47 84 19 19 41 60 49 14 3 2 32 32 87 6 43 57 12 76 40 65 12 25 67 20 6 97 29 57 15 76 46 98 44 73 83 55 69 72 40 9 49 23 97 57 10 19 56 62 70 39 98 70 65 93 85 72 49 100 89 70 32 11 69 32 81 100 85 13 34 54 70 84 91 15 58 71 83 41 
84 75 35 24 22 51 7 73 9 95 57 68 13 63 99 90 86 16 85 97 25 61 58 92 87 62 83 84 87 9 82 75 82 11 35 3 52 46 53 75 88 42 95 96 65 28 28 98 63 5 16 8 87 40 84 65 35 60 69 52 43 88 91 23 65 68 63 32 80 31 95 48 70 93 90 31 32 35 44 56 69 80 62 32 39 98 
89 21 33 49 87 57 8 28 75 21 24 38 34 15 21 59 6 41 75 47 94 71 87 89 50 10 48 8 72 47 4 54 67 4 34 94 75 18 12 88 41 99 84 2 97 4 9 21 97 97 91 64 60 23 22 41 58 14 7 86 57 13 27 73 89 95 30 46 96 71 8 37 10 90 41 32 59 35 94 51 64 59 9 26 94 83 
49 9 97 79 96 29 22 40 5 59 71 36 81 86 7 100 35 18 12 26 59 27 20 24 85 86 80 41 27 38 71 59 100 25 2 21 29 14 66 53 83 18 42 4 15 82 95 5 51 80 26 3 6 3 80 39 5 76 60 82 39 67 24 7 94 58 21 51 27 72 17 92 68 5 73 39 67 25 40 2 34 14 1 18 21 10 
96 61 36 9 64 58 49 31 15 3 68 20 14 83 14 60 31 82 15 42 81 18 38 100 50 55 82 17 75 97 45 77 91 88 8 12 100 9 27 10 67 35 47 94 22 60 13 26 61 93 63 98 60 11 37 46 66 76 81 29 55 2 22 67 77 33 43 22 85 7 16 41 97 7 76 5 24 26 90 5 18 14 9 76 84 92 
69 60 83 97 99 25 97 91 100 62 99 93 75 83 14 24 91 48 51 7 18 52 17 21 75 94 74 50 69 56 73 31 17 65 30 62 30 61 2 22 63 34 28 10 65 42 28 64 33 82 71 4 92 76 72 21 37 76 2 84 43 28 53 66 28 74 25 64 16 63 80 53 62 48 28 78 56 59 46 95 26 83 93 48 33 25 
73 67 16 96 61 83 86 86 34 64 85 55 22 45 55 96 22 6 91 60 64 8 14 68 64 53 90 85 11 8 34 50 16 61 20 53 79 1 40 30 67 93 13 35 97 99 29 39 61 4 40 13 55 24 21 70 90 7 48 42 87 1 35 47 74 76 24 72 41 1 63 37 85 20 68 98 88 64 43 37 11 99 74 44 85 97 
50 79 77 19 26 66 73 90 36 54 66 17 13 33 61 99 72 91 27 79 46 54 65 98 52 81 95 79 24 80 35 53 57 19 24 90 54 62 15 54 17 12 20 18 3 75 18 90 66 15 81 65 42 32 56 72 66 33 50 96 28 70 75 95 54 14 71 85 97 89 27 27 81 4 13 81 82 27 45 56 99 41 79 78 94 91 
15 73 47 97 55 66 56 58 76 11 68 99 7 67 59 1 76 52 85 87 96 40 74 76 12 92 10 7 30 78 36 8 64 39 12 87 2 73 53 7 99 37 84 82 31 63 11 71 63 56 5 96 1 93 39 99 42 74 26 90 89 30 9 58 82 21 97 16 59 33 63 73 70 25 7 16 19 35 95 65 83 17 69 65 69 7 
8 31 60 95 28 81 89 56 25 31 10 19 22 15 11 58 34 69 40 75 54 21 60 10 89 7 88 94 93 42 87 9 46 29 80 97 12 2 41 53 96 79 51 85 62 45 81 33 18 67 57 72 8 28 53 11 74 76 99 59 44 48 55 33 57 8 48 5 33 57 65 45 37 16 1 83 15 85 41 32 2 58 30 78 60 10 
10 100 70 13 90 4 11 43 14 38 49 77 4 91 97 87 29 89 69 3 88 29 59 13 8 68 79 63 62 10 93 10 87 32 97 10 72 2 35 94 54 52 62 64 14 12 94 40 78 75 48 66 65 51 63 49 73 18 9 57 86 97 8 49 17 63 78 54 42 39 77 10 74 35 43 92 76 70 37 7 3 25 66 53 47 97 
15 26 44 92 56 5 60 17 97 87 47 13 42 21 98 52 84 74 51 79 42 70 14 87 58 49 72 26 19 36 11 28 22 76 70 64 20 99 74 100 32 55 2 38 53 45 31 29 59 75 43 8 41 1 42 97 41 73 30 97 7 10 95 86 46 78 78 41 72 86 75 21 41 29 80 23 43 83 93 3 53 77 81 78 32 78 
46 86 57 88 67 60 29 59 33 32 65 17 76 30 86 3 76 39 39 26 64 86 84 50 65 92 7 83 77 14 5 53 98 21 32 81 90 30 90 64 85 75 80 80 81 1 4 45 16 96 28 98 11 12 48 51 22 62 49 73 24 66 23 29 68 18 8 9 40 59 34 89 73 69 11 4 56 93 39 65 59 83 94 44 59 82 
10 85 32 95 23 33 89 91 49 6 54 72 50 76 47 26 5 61 15 24 98 24 41 42 74 74 38 4 78 33 19 46 51 34 96 21 65 88 84 74 84 41 15 1 42 85 46 17 82 61 59 27 100 57 20 16 63 73 40 83 71 76 87 86 87 46 5 19 26 5 2 33 100 78 40 100 19 85 18 43 51 28 7 81 31 87 
94 15 60 17 17 56 91 58 64 44 38 86 79 52 11 57 10 18 37 20 76 45 75 99 58 17 98 59 65 40 89 77 2 75 59 91 49 75 36 71 1 38 24 82 70 66 80 95 24 12 38 28 67 32 48 88 34 17 80 9 28 7 59 28 65 92 85 99 77 76 91 14 58 74 36 49 55 84 45 5 37 62 53 53 17 38 
71 55 98 20 25 87 21 98 12 15 46 99 73 36 4 43 96 28 71 98 39 60 38 50 6 51 84 50 60 36 63 53 60 45 11 2 28 65 95 81 10 23 89 90 26 59 27 76 11 92 93 85 29 78 85 88 78 2 13 23 16 45 96 18 83 41 76 40 91 98 66 4 95 39 14 30 11 11 4 23 16 63 84 43 42 92 
26 6 2 70 21 57 77 67 8 89 95 36 45 72 16 39 10 31 33 64 22 80 38 25 89 49 74 100 50 12 82 46 84 24 3 38 74 64 34 82 48 75 5 94 47 39 40 27 64 78 42 34 88 66 85 96 98 100 38 40 41 64 88 11 43 82 22 99 27 88 85 63 63 26 9 54 53 46 75 59 59 38 58 96 68 82 
32 5 73 38 80 94 20 39 6 43 16 33 26 84 37 69 60 38 93 48 55 33 83 32 33 58 56 57 39 34 63 50 29 60 20 41 24 11 28 5 50 63 10 79 66 34 78 83 28 90 75 59 79 14 34 32 93 69 41 96 63 10 16 96 99 24 3 71 50 83 15 98 69 43 62 5 77 97 1 2 97 32 36 61 33 94 
77 48 45 95 68 96 28 57 51 43 29 85 84 35 53 73 79 22 50 82 34 80 84 24 66 67 39 28 36 69 60 40 100 15 39 29 45 83 16 50 68 79 12 56 53 56 86 90 96 78 83 1 52 50 63 47 50 80 33 69 96 51 53 97 100 1 4 23 10 31 96 70 48 55 48 73 25 12 53 77 16 28 62 16 36 17 
78 100 36 46 61 3 95 54 92 81 19 69 64 84 1 62 59 76 83 29 33 95 13 90 10 23 73 42 49 26 100 60 77 24 52 34 73 35 9 76 13 15 44 85 86 77 77 50 15 94 3 16 70 39 24 94 69 87 43 46 42 27 22 74 31 6 43 78 90 97 10 28 36 96 4 80 4 93 63 14 58 28 94 36 100 49 
26 12 58 38 76 74 77 4 37 73 61 99 92 12 3 4 31 74 64 31 13 51 20 77 78 89 5 60 11 70 64 52 15 48 28 20 74 20 96 33 14 16 11 6 63 2 6 37 63 22 94 65 22 56 43 69 66 97 92 3 58 68 8 8 16 18 48 80 81 10 69 77 12 15 77 97 1 46 61 95 31 100 70 49 99 24 
49 60 72 37 7 87 84 11 44 95 80 58 74 74 15 7 46 97 51 62 71 16 57 75 38 71 82 85 60 80 53 15 17 70 63 93 25 76 48 11 94 82 56 85 50 36 14 35 5 36 51 29 64 52 31 53 3 81 28 63 48 58 75 22 33 8 35 97 76 78 87 49 12 99 19 29 3 99 53 17 99 67 57 8 9 33 
32 40 64 96 9 11 73 90 98 31 79 74 84 29 38 72 83 35 88 30 5 39 19 14 21 47 15 18 72 71 51 58 83 96 63 80 94 18 29 92 64 3 48 59 95 89 16 14 30 46 16 51 14 44 28 63 21 44 79 76 69 6 79 36 48 17 15 54 78 18 26 53 67 59 64 76 51 54 94 1 68 59 29 93 71 22 
55 6 97 64 81 81 7 49 44 50 39 59 31 98 49 1 29 5 75 18 23 64 28 50 15 33 79 81 90 48 31 71 8 44 5 96 22 2 10 89 81 89 45 14 100 11 96 1 57 51 30 35 56 20 31 58 5 89 25 51 41 29 78 97 46 85 50 22 2 31 98 24 73 85 1 38 10 22 30 72 80 68 94 28 1 28 
27 35 46 86 45 79 52 76 20 62 87 44 43 63 89 15 52 39 97 73 83 55 52 47 27 77 24 44 66 16 92 99 77 91 3 47 24 68 100 48 66 73 97 9 77 3 90 59 79 67 45 33 84 18 88 93 24 67 98 34 31 47 74 33 35 48 64 5 25 54 33 34 48 54 29 78 54 91 15 59 51 91 97 19 39 81 
48 56 15 8 34 42 76 73 91 56 55 12 1 99 88 9 99 9 60 8 91 52 88 41 78 69 65 38 53 52 93 30 1 93 99 11 48 5 73 37 22 17 12 41 73 42 98 33 17 6 96 61 11 78 39 3 60 100 80 58 64 71 36 15 51 84 25 8 12 75 38 26 53 87 51 70 62 90 53 94 45 84 3 16 100 6 
9 55 13 54 84 78 39 13 6 22 6 64 11 43 13 3 64 81 70 31 3 19 98 34 28 60 5 92 30 57 28 28 84 43 60 20 93 9 34 29 50 97 74 94 100 76 97 54 86 15 98 36 32 91 66 11 8 27 62 2 51 21 77 77 88 45 27 17 84 77 29 73 61 58 70 93 97 51 58 63 25 72 29 12 31 36 
73 64 27 95 80 9 1 90 56 93 59 3 8 50 64 93 24 73 42 52 11 66 68 93 12 75 35 28 26 27 19 21 77 74 92 61 26 2 45 33 57 23 15 28 100 50 98 13 34 34 41 91 17 17 43 76 65 6 95 92 59 11 8 62 56 32 91 19 74 24 41 30 59 56 83 92 7 38 81 9 32 100 51 18 76 97 
10 89 36 83 18 70 26 9 42 23 76 3 25 30 62 44 76 46 27 19 36 71 65 25 37 74 79 54 79 47 16 22 20 5 100 34 66 35 36 63 26 85 19 91 69 23 71 53 66 95 14 81 25 69 49 48 50 10 48 89 5 53 32 98 85 78 54 5 14 28 65 5 91 42 57 75 11 56 45 36 20 71 90 54 46 26 
68 67 33 2 38 4 57 81 89 82 13 46 78 69 78 52 57 23 29 7 48 75 20 87 3 65 9 52 16 53 71 10 39 97 61 90 36 72 44 33 55 65 72 59 8 53 54 74 27 28 65 40 70 16 7 7 67 3 65 100 99 70 53 25 76 47 34 23 41 41 13 86 38 84 27 87 99 47 19 68 29 24 78 18 85 34 
60 71 23 6 85 89 9 70 23 8 99 48 17 3 46 30 61 44 78 10 70 13 57 55 57 65 17 4 48 31 43 37 48 69 100 88 56 77 92 57 21 89 66 89 69 12 27 67 94 47 87 65 83 100 44 86 98 33 48 20 48 53 49 71 49 88 62 14 94 39 21 14 68 69 3 49 10 80 48 58 98 96 12 65 52 34 
41 23 84 4 49 11 77 75 90 63 90 80 73 15 47 63 20 58 27 81 39 65 21 57 25 8 37 29 70 79 84 10 79 92 70 42 22 46 31 100 12 71 4 97 4 5 20 21 65 85 42 55 74 33 77 6 93 4 81 12 17 7 84 8 48 54 21 11 97 44 35 50 9 35 5 23 93 92 48 33 87 62 98 89 76 68 
18 2 41 67 88 79 77 32 51 88 87 83 44 75 80 86 40 96 98 1 52 10 82 77 28 3 67 97 62 41 85 47 9 11 13 64 86 32 9 67 77 62 55 91 95 94 77 43 58 22 79 50 14 70 16 80 83 15 46 75 78 77 8 1 9 72 37 33 17 66 11 43 18 22 33 98 74 28 64 44 98 27 76 44 5 87 
79 48 1 37 42 52 67 20 58 55 42 13 29 54 3 13 49 89 91 13 85 63 58 5 23 41 30 65 64 15 87 74 86 85 26 85 31 91 28 98 15 88 24 74 88 12 75 68 92 85 75 21 98 54 2 50 37 73 85 99 37 71 96 41 95 53 3 92 79 97 41 66 99 73 100 79 71 3 10 61 16 38 75 23 78 80 
6 85 57 77 20 46 77 91 46 2 28 33 35 4 100 49 27 18 30 69 77 100 87 26 95 19 92 44 57 40 83 89 83 68 40 8 57 32 17 63 67 99 14 72 54 87 27 32 52 73 100 65 56 25 61 58 30 34 38 93 19 74 58 72 56 21 46 47 79 6 81 52 31 42 49 68 85 15 52 73 99 55 100 1 99 91 
8 14 27 34 32 26 53 83 35 58 93 30 35 33 26 28 40 58 52 5 68 9 51 54 47 73 89 17 63 80 65 84 31 83 7 7 95 82 73 97 66 50 39 17 74 95 7 11 24 92 60 30 41 44 100 78 8 72 24 77 89 91 71 37 81 97 5 78 83 51 97 6 54 61 53 100 64 84 53 77 11 39 95 88 42 45 
77 81 82 85 19 88 82 49 99 71 99 27 66 69 52 17 64 40 93 42 35 62 78 81 92 4 2 22 39 50 80 7 21 70 39 69 30 34 45 59 24 16 45 81 12 33 97 89 11 17 57 54 70 23 90 50 13 14 17 6 58 90 67 15 32 36 29 51 94 64 60 52 14 54 99 17 81 59 84 30 37 100 11 61 12 95 
76 50 67 81 28 66 23 75 23 80 39 17 29 4 26 60 1 81 70 16 61 56 85 97 47 30 66 5 7 6 68 62 54 62 66 27 30 79 55 9 96 35 64 36 30 71 18 4 53 58 82 81 82 1 46 69 55 98 87 92 12 1 83 36 38 61 83 22 1 1 17 56 45 40 94 97 82 69 75 6 36 14 41 47 3 25 
70 21 51 8 14 41 20 4 19 65 17 76 89 53 7 59 17 20 59 6 74 52 83 26 44 48 69 9 92 21 16 11 37 71 45 20 26 12 37 41 47 25 48 27 76 88 33 54 7 30 70 9 46 69 18 73 53 73 14 29 17 99 33 45 37 2 83 50 60 81 28 84 15 60 24 25 41 79 50 29 88 52 42 10 77 33 
63 83 7 24 97 75 51 21 86 59 76 57 83 72 50 8 9 42 52 14 8 6 30 26 52 1 67 15 42 65 67 10 42 71 89 11 51 50 63 47 26 54 69 54 63 21 23 34 16 66 29 96 34 95 98 9 17 25 32 15 44 17 73 49 67 89 59 41 44 4 80 49 58 10 9 68 79 19 3 13 36 81 31 12 72 44 
82 96 43 34 16 81 18 99 50 46 37 71 25 54 11 49 26 83 75 42 67 11 93 79 7 18 46 87 84 68 92 56 88 31 80 32 62 39 13 6 79 18 37 47 4 90 98 22 85 21 18 43 59 59 31 40 82 6 74 23 30 70 39 100 47 78 64 98 26 15 41 87 2 23 7 97 23 53 43 51 70 15 54 12 13 20 
63 94 32 43 68 2 21 56 56 27 19 13 57 16 41 100 18 82 93 75 3 70 27 47 31 83 88 2 34 90 2 70 19 63 30 51 64 43 83 28 29 18 61 1 33 15 86 85 99 54 15 33 73 90 63 76 78 95 75 100 25 89 9 81 8 21 3 29 50 11 94 24 72 77 20 12 58 63 49 60 41 92 97 72 44 24 
63 73 36 50 28 10 20 64 31 94 37 68 11 96 97 5 37 75 10 95 8 76 46 99 99 12 4 7 62 18 69 9 35 40 29 37 6 81 63 43 6 43 52 29 39 50 70 2 45 17 67 56 66 31 2 40 15 29 16 36 26 78 52 92 32 42 16 35 61 12 82 95 20 1 31 52 2 6 81 54 25 82 3 38 25 67 
13 42 21 31 13 38 2 40 85 26 85 12 94 17 10 14 93 96 37 37 95 8 44 28 30 80 97 66 50 2 17 23 93 100 85 2 27 66 29 76 8 6 70 80 95 7 60 21 67 97 63 17 64 93 33 28 5 49 93 69 75 75 63 18 36 18 88 62 33 91 7 74 21 33 8 76 55 92 51 76 25 55 52 11 62 61 
70 2 45 64 90 51 15 67 50 58 23 9 89 91 72 14 36 70 39 83 30 62 14 12 80 6 43 2 68 50 49 21 14 26 43 38 75 8 78 50 22 26 58 89 57 73 24 23 5 16 31 71 80 100 43 1 42 89 85 9 85 65 88 76 90 28 79 22 49 68 40 53 24 90 61 85 6 56 37 65 33 44 89 53 47 49 
59 48 93 84 31 88 93 54 12 16 76 48 53 13 86 55 81 91 54 2 44 30 98 52 27 9 1 6 53 62 29 1 6 68 81 63 16 60 87 80 93 57 55 79 17 11 45 98 84 78 14 58 98 32 1 42 85 18 51 67 86 34 73 48 72 31 87 86 61 53 80 71 3 40 64 59 42 23 23 83 3 43 28 74 72 2 
66 36 100 9 53 41 70 17 100 45 9 65 50 90 11 66 59 55 50 93 37 77 22 97 2 36 92 13 51 14 2 96 53 44 68 57 7 57 75 93 12 18 76 23 71 29 87 44 56 92 81 39 37 38 67 58 69 43 44 65 95 90 76 79 98 8 85 63 71 28 22 57 88 87 99 49 44 8 76 66 83 6 45 87 88 28 
78 70 60 62 22 74 40 63 66 51 22 6 87 83 99 16 51 43 17 70 76 42 63 79 77 25 29 89 94 8 43 85 2 68 87 43 92 34 23 43 67 55 83 40 41 64 11 63 25 91 1 56 8 26 80 79 9 49 61 97 16 95 81 24 81 97 43 40 88 65 11 91 92 76 24 88 89 10 13 96 26 51 54 29 62 51 
73 54 13 9 24 86 3 95 10 12 5 45 96 36 47 44 64 48 41 73 26 85 41 86 79 54 52 44 36 5 48 87 52 74 81 85 8 77 50 85 66 99 83 35 24 83 13 7 39 36 2 43 87 3 10 76 44 63 60 33 14 69 40 98 21 85 29 94 83 24 55 29 82 84 15 67 89 29 30 41 19 97 47 25 14 10 
11 56 37 62 22 55 36 35 20 5 42 53 89 64 61 13 52 82 49 47 49 50 26 22 78 31 84 86 35 100 60 10 98 60 45 39 98 21 94 85 1 15 45 57 12 94 32 26 78 88 56 16 57 64 52 74 8 16 7 38 48 56 20 3 93 15 56 98 3 49 61 97 70 1 50 24 39 25 34 17 9 21 18 71 94 64 
57 1 41 93 55 43 48 52 70 89 21 99 46 91 3 31 84 17 50 51 3 68 94 5 15 100 52 70 43 72 6 47 48 79 33 49 28 100 56 57 62 100 78 20 28 54 84 100 23 24 64 84 18 12 25 57 97 57 57 90 39 95 19 48 6 84 12 61 46 61 43 46 29 100 28 76 33 71 51 96 50 93 42 37 66 68 
28 41 54 35 6 87 39 32 49 44 93 28 74 65 34 94 3 4 14 54 75 16 94 75 32 66 50 34 82 41 80 24 90 30 65 14 52 93 70 24 34 87 80 20 86 20 35 79 10 54 69 88 86 54 69 80 38 31 14 54 85 53 23 56 81 100 59 6 19 33 89 61 97 68 51 98 50 43 94 48 34 25 63 99 6 26 
13 51 35 54 51 93 22 49 51 52 59 34 39 87 30 19 78 48 77 51 35 36 40 73 46 49 89 24 3 80 79 56 39 37 9 36 12 59 35 32 80 16 69 61 89 1 19 90 19 74 71 46 39 40 96 75 59 10 47 29 13 57 17 27 57 96 29 89 89 88 66 94 59 37 74 76 69 24 80 39 20 73 27 94 79 80 
32 72 57 76 66 25 26 88 40 11 74 10 23 60 26 84 96 89 59 49 28 88 20 96 86 85 79 67 81 22 20 26 31 41 97 73 88 74 21 64 31 41 86 69 34 9 8 83 77 18 52 37 97 77 57 57 73 73 62 55 52 87 1 48 76 85 26 47 47 76 86 73 84 37 89 83 28 1 62 54 61 20 67 70 74 62 
45 47 49 66 60 88 82 92 42 13 56 66 92 52 89 38 22 70 57 46 40 79 87 8 1 31 71 44 95 94 35 7 87 3 93 25 94 32 65 15 7 21 63 65 32 98 87 77 44 45 79 69 87 61 16 9 39 79 1 41 24 11 44 13 3 27 54 30 11 2 82 36 5 4 57 60 81 7 28 81 40 81 17 33 44 21 
39 25 78 99 45 45 35 32 49 24 57 24 49 52 19 94 33 80 24 94 38 83 67 17 58 13 46 66 41 55 49 26 100 84 26 85 4 84 71 88 53 23 22 95 64 20 91 56 5 47 58 87 37 53 47 51 3 77 43 16 89 10 5 2 62 52 69 3 14 75 36 93 45 99 85 39 91 89 89 48 4 72 53 47 27 87 
40 8 48 18 90 47 70 63 41 49 74 8 41 47 46 30 63 38 69 20 10 55 24 68 12 82 24 4 64 34 80 89 26 78 93 88 56 43 64 70 47 53 41 30 18 79 42 44 10 67 53 89 5 77 25 24 77 82 78 27 55 44 8 50 45 92 30 78 56 17 51 10 78 47 85 79 54 58 48 10 4 40 13 18 91 100 
95 50 70 92 98 67 39 33 23 58 2 2 31 89 82 83 83 20 47 47 46 82 83 44 77 7 58 29 48 96 68 55 38 29 2 68 3 63 3 98 40 22 92 72 91 93 38 86 15 95 28 53 90 80 84 93 49 40 86 94 48 83 10 36 26 66 77 19 67 85 48 57 48 42 44 50 27 72 41 71 4 20 60 14 63 16 
78 97 84 37 59 39 55 46 7 38 35 25 100 31 12 18 52 72 35 73 9 68 71 81 50 48 46 70 39 56 70 11 68 12 73 17 46 84 94 26 58 53 44 93 30 10 19 49 5 93 93 64 3 71 79 82 5 27 37 78 94 29 64 56 30 58 77 56 9 69 48 74 8 73 3 15 91 42 20 11 10 46 86 54 2 53 
91 44 23 14 77 68 12 23 86 20 56 55 60 55 74 11 19 79 43 59 62 94 4 29 99 39 44 13 78 4 79 91 34 10 63 19 5 87 41 84 99 43 15 91 54 6 25 12 57 73 1 29 78 55 48 89 59 46 66 16 4 2 33 78 89 65 1 81 59 71 62 71 49 40 86 50 31 88 8 89 39 23 26 8 74 49 
63 24 94 83 12 38 69 23 92 88 56 100 85 36 17 86 10 59 6 68 61 17 31 42 33 75 89 77 73 84 48 49 22 81 46 43 95 63 81 35 13 15 87 80 48 23 92 81 21 70 88 22 77 6 61 96 72 53 23 52 46 78 62 87 20 92 80 26 74 7 52 64 11 61 58 44 61 12 32 3 55 11 4 71 81 34 
2 5 19 50 5 44 89 72 85 50 17 5 12 39 53 50 61 23 66 16 24 5 45 70 24 82 5 38 13 94 98 82 38 77 36 84 54 84 63 56 21 87 1 48 45 30 44 40 62 87 19 19 3 19 27 33 89 78 54 87 97 44 66 28 85 49 10 46 11 13 35 76 10 65 21 1 5 21 44 89 73 18 37 22 57 45 
19 34 56 72 83 10 54 77 67 86 35 45 90 15 68 47 53 50 95 45 52 56 66 73 56 9 19 36 52 92 71 52 5 71 51 4 31 43 37 60 96 99 11 16 55 85 37 73 41 93 58 46 3 57 93 25 97 44 60 54 52 15 20 15 18 41 38 69 2 70 86 33 22 10 74 67 41 31 50 87 40 16 49 41 37 96 
66 51 57 71 92 72 26 26 94 51 33 8 55 87 92 91 61 78 64 29 92 29 17 45 90 94 30 37 53 97 50 13 89 3 46 96 14 85 21 37 71 83 71 69 36 40 94 23 74 80 14 99 97 55 9 31 31 70 69 31 26 71 66 33 17 6 80 28 63 73 46 48 17 76 98 18 27 58 95 60 56 70 81 56 29 93 
44 81 63 66 63 42 96 75 34 94 27 60 86 8 79 46 4 40 82 33 92 81 70 1 43 84 60 50 47 76 59 10 3 32 31 75 63 14 58 48 33 82 12 4 3 70 38 65 27 7 70 4 73 16 77 86 83 89 58 28 75 95 1 66 32 70 98 28 62 23 9 83 39 35 21 83 54 24 84 89 75 26 7 2 75 85 
34 20 50 89 74 57 38 17 33 78 74 64 50 66 98 9 21 67 53 7 57 52 96 69 100 60 5 61 35 25 44 42 96 32 44 42 52 61 90 46 40 54 97 35 89 69 58 13 98 41 38 28 39 8 7 76 4 50 32 85 52 73 35 77 50 46 94 58 91 3 58 51 74 57 98 13 40 24 67 5 80 40 86 20 42 82 
39 79 18 84 32 24 8 53 85 13 57 73 23 60 76 23 86 62 26 12 36 84 11 27 35 58 14 89 49 46 27 87 86 77 67 82 14 20 72 82 69 70 81 14 11 23 44 35 59 48 89 30 63 78 34 79 45 9 14 100 44 22 42 71 94 70 79 15 9 28 67 80 47 100 54 64 7 37 16 25 76 42 60 16 96 9 
25 24 93 92 30 12 11 44 87 93 14 90 17 52 49 51 71 78 88 23 79 40 49 73 39 53 77 6 69 62 42 8 51 77 56 77 83 22 56 92 82 82 47 33 83 48 55 79 78 12 70 55 94 50 40 83 76 56 51 38 52 87 73 18 37 99 85 62 65 49 77 94 98 9 31 95 47 48 46 15 5 95 56 80 9 25 
41 7 74 73 97 65 83 100 21 69 91 18 44 49 35 38 33 94 32 23 93 4 50 91 70 11 88 79 43 14 69 21 78 93 6 90 59 82 36 32 15 36 9 41 42 68 90 88 48 52 28 75 62 88 68 70 99 66 47 55 85 37 89 51 70 78 60 28 90 83 25 8 43 79 39 80 33 17 99 60 39 44 86 26 16 40 
80 73 6 66 26 56 37 30 87 19 29 8 12 85 25 27 28 7 87 38 16 88 16 59 28 33 49 58 58 75 78 50 72 39 86 74 84 89 71 71 85 52 68 52 57 65 40 70 98 34 61 37 30 93 100 22 86 17 51 71 83 99 80 43 62 37 32 75 38 35 4 5 41 3 86 91 13 15 59 72 22 52 4 80 19 30 
7 66 48 73 79 1 55 14 35 44 71 90 31 63 88 50 95 77 81 79 51 51 46 52 83 53 26 78 48 91 12 72 36 19 60 55 31 89 16 75 34 71 27 79 99 83 90 93 84 61 38 81 88 81 45 4 91 1 36 24 26 39 24 70 100 5 4 43 95 88 99 79 9 82 26 7 12 31 16 5 20 99 43 33 20 42 
86 38 8 72 49 21 61 10 89 81 17 16 65 4 57 65 55 29 9 28 63 7 75 52 93 57 98 98 2 14 27 9 28 94 65 50 65 62 38 5 93 1 26 40 67 99 31 39 90 38 89 28 12 95 87 36 2 38 58 65 53 29 22 9 21 54 46 87 56 94 3 9 77 33 36 2 65 44 93 44 26 58 53 100 7 50 
44 61 11 3 85 70 9 73 44 16 31 7 7 68 25 90 34 20 1 57 5 88 57 46 77 95 77 80 81 95 57 4 35 81 72 17 5 52 14 67 25 89 47 83 53 75 86 45 67 20 45 58 100 19 73 69 49 92 5 72 66 29 74 50 43 38 25 55 97 47 84 86 30 64 9 86 63 89 81 80 64 7 41 96 69 80 
46 70 8 
2 67 86 55 25 86 78 29 4 85 22 85 26 22 20 52 40 91 14 67 88 11 92 64 54 64 20 40 15 87 86 58 14 48 49 14 27 57 70 55 38 91 8 90 49 56 64 92 89 7 97 62 10 95 34 38 65 29 50 64 14 84 72 74 14 67 61 6 10 66 
47 10 21 97 80 68 54 66 26 6 42 59 28 36 29 47 100 28 18 49 86 83 64 93 30 25 5 72 73 97 26 82 22 70 5 90 22 24 91 92 4 72 30 77 15 17 16 8 56 32 16 80 20 75 52 47 86 19 48 1 53 43 66 88 45 19 7 58 2 46 
81 27 89 100 78 48 86 91 19 32 33 16 16 39 29 41 71 21 33 36 63 28 17 86 31 40 93 8 63 81 4 46 22 34 72 71 97 57 45 89 91 50 27 17 70 5 67 32 20 7 63 27 25 48 65 88 61 46 14 91 100 68 93 84 86 25 15 37 28 47 
20 34 92 7 98 7 81 83 43 22 45 69 1 9 67 54 77 62 34 19 53 26 3 22 15 75 84 56 5 54 30 58 79 99 89 90 41 29 45 7 14 1 91 56 1 75 12 32 17 12 9 54 52 74 48 75 36 88 69 28 66 9 24 26 14 48 59 31 51 97 
87 7 14 82 16 87 21 14 77 32 66 90 80 55 21 67 65 88 98 47 1 88 18 99 86 80 25 93 49 75 17 57 83 7 33 97 16 66 47 57 29 98 82 72 16 75 35 37 49 80 99 92 47 25 49 89 83 43 1 69 84 44 32 30 100 57 37 98 94 38 
33 35 69 33 10 49 60 73 33 87 10 3 81 51 47 73 80 9 4 35 8 29 60 40 52 72 67 39 12 20 31 61 30 83 13 5 11 39 29 21 57 26 89 66 2 3 19 83 93 63 100 37 63 82 16 75 65 39 100 28 93 57 11 38 58 74 72 74 23 4 
50 7 78 30 13 76 5 54 80 8 73 93 8 56 35 18 60 4 28 26 6 93 59 51 25 82 96 48 46 29 8 32 52 24 32 79 35 97 13 86 33 54 37 41 23 96 2 17 49 63 59 67 81 65 12 67 73 51 98 17 28 89 68 65 10 47 55 21 98 62 
32 75 75 68 99 20 2 22 30 49 39 32 11 92 50 4 63 89 32 84 43 60 66 30 29 94 69 61 51 76 3 25 17 15 21 74 40 78 21 93 66 64 65 68 69 42 25 99 76 20 46 94 79 99 99 28 58 98 17 65 52 67 73 5 4 21 21 13 41 35 
79 97 38 36 68 42 15 56 73 28 63 50 6 76 50 16 24 52 42 10 81 31 26 51 93 47 49 56 67 32 81 47 37 83 21 55 64 66 35 80 91 38 16 89 41 98 37 72 97 98 51 50 30 47 37 92 99 61 16 41 92 23 35 37 10 62 45 33 4 100 
8 24 62 66 47 66 86 44 14 91 25 88 36 22 39 10 85 54 22 14 94 16 36 58 81 70 39 38 85 72 88 81 82 74 95 46 80 65 18 43 26 5 12 12 97 17 25 99 98 73 83 38 45 73 14 90 30 74 19 47 97 55 17 93 68 48 22 73 56 53 
57 66 81 45 19 81 14 81 11 99 73 20 25 58 86 59 79 11 54 53 7 82 89 53 3 58 48 2 98 35 65 88 58 29 20 48 26 39 55 12 94 8 4 68 49 61 50 72 26 27 61 11 46 66 17 23 97 50 65 66 71 85 44 76 21 97 81 22 8 91 
64 95 81 72 85 29 50 63 79 62 92 56 55 88 5 52 18 13 24 52 27 31 46 34 18 14 20 5 38 7 30 100 6 34 50 47 74 51 41 5 6 70 21 93 44 95 80 18 46 51 15 25 10 32 83 22 53 50 32 41 93 83 80 27 23 84 18 63 97 50 
98 26 40 88 60 47 96 45 18 38 70 20 79 7 23 70 69 86 3 20 16 2 20 98 68 26 44 27 15 2 44 13 84 26 76 92 37 100 47 90 28 16 75 93 28 84 4 17 45 89 71 44 29 27 50 71 33 16 78 89 73 51 5 65 19 66 21 13 81 18 
33 82 41 47 95 27 17 84 94 48 79 23 36 61 42 100 87 23 1 6 15 23 35 79 35 31 84 33 69 36 100 9 23 44 46 91 80 96 6 78 29 9 62 73 68 68 97 90 63 46 57 2 65 97 14 97 54 9 15 47 59 65 5 91 79 38 22 100 60 32 
32 54 46 46 6 54 14 45 42 67 9 68 8 70 82 35 2 65 14 95 4 17 79 24 17 30 3 90 6 22 17 85 39 40 15 44 20 10 38 92 70 22 27 20 19 9 72 12 26 16 3 63 33 86 69 57 63 34 57 69 94 34 81 21 42 45 38 91 64 9 
52 28 13 16 44 36 13 40 90 25 58 64 69 15 81 86 49 27 12 57 39 75 1 8 30 34 66 88 13 79 57 52 84 95 6 95 25 18 71 17 4 91 75 35 64 28 10 13 55 84 72 33 75 47 3 42 91 30 43 33 42 32 12 66 78 19 98 46 96 43 
96 83 33 76 97 33 36 46 76 96 71 30 26 70 31 95 2 30 8 37 44 89 88 81 96 40 94 45 73 1 18 19 49 83 79 4 47 5 65 21 61 82 33 22 99 90 62 29 83 59 73 73 13 42 14 27 66 20 8 41 25 5 51 93 50 84 25 17 94 75 
100 1 98 56 57 36 18 27 63 66 65 50 94 5 7 59 86 6 6 57 45 91 57 13 20 15 6 18 3 41 78 83 51 41 86 24 76 67 24 24 24 22 82 78 27 20 18 81 31 58 55 52 75 34 75 26 15 71 17 77 61 93 77 46 31 34 38 56 100 65 
60 74 4 52 30 51 44 95 81 98 9 59 9 75 55 64 28 54 93 50 77 82 64 73 82 87 49 72 1 20 30 64 79 40 23 14 62 69 1 22 37 9 80 20 90 21 90 91 7 55 11 12 96 48 54 69 55 14 15 55 5 6 11 53 76 70 37 2 22 61 
3 17 37 59 36 26 75 14 98 80 40 97 88 53 46 52 96 57 97 44 71 15 42 4 1 8 16 20 66 45 41 54 64 79 2 2 69 93 35 39 85 82 33 26 75 36 92 96 99 60 19 4 56 55 57 30 14 20 75 27 63 79 12 64 57 29 64 9 36 77 
27 11 66 71 64 32 62 31 85 18 21 28 6 34 10 85 90 94 41 75 100 70 46 40 82 72 31 76 58 53 23 38 2 70 8 1 49 86 32 44 2 10 39 27 81 19 72 11 36 34 21 3 48 74 32 100 24 21 52 10 32 28 87 36 34 52 61 85 17 1 
33 80 11 94 10 77 77 53 12 14 48 53 48 61 46 73 38 2 33 47 2 79 3 69 81 2 87 90 24 87 100 68 48 87 3 88 41 84 33 47 33 45 1 44 93 21 67 85 78 59 30 15 11 49 99 20 23 37 18 43 9 23 5 91 27 44 27 72 83 43 
62 82 3 22 64 98 44 11 86 2 2 55 59 84 25 74 19 42 66 13 71 64 12 97 80 18 17 69 22 16 46 29 52 92 58 67 60 67 5 78 24 58 20 74 55 74 75 92 4 2 59 70 49 36 13 32 47 10 95 48 85 26 45 11 62 16 30 5 39 95 
96 20 5 71 46 40 42 70 69 29 2 48 53 51 81 35 4 5 67 70 7 6 35 29 52 41 29 42 51 68 38 27 17 59 28 69 90 8 38 15 3 97 100 73 27 70 50 33 29 12 79 83 30 71 53 86 83 91 28 35 86 84 55 62 88 32 65 54 30 43 
12 81 48 94 30 79 31 45 65 31 48 69 25 40 40 70 39 80 69 84 76 70 97 57 78 33 42 66 34 44 73 9 67 100 35 39 61 17 44 93 58 24 66 80 89 81 14 5 52 59 65 34 28 36 81 90 82 62 25 75 52 34 63 74 21 69 65 71 37 44 
42 6 52 33 41 96 64 90 22 10 9 99 64 71 49 63 99 24 4 8 2 89 18 29 4 42 18 43 63 79 41 34 5 43 59 44 10 31 14 28 41 94 17 73 47 48 78 29 45 71 67 48 22 62 98 48 4 20 95 75 65 43 34 70 9 66 53 35 30 11 
78 70 8 65 73 76 10 33 28 58 77 79 24 60 11 96 36 19 99 54 12 75 27 59 47 77 62 73 59 14 3 17 5 64 94 67 32 5 65 85 83 48 21 64 47 83 83 51 17 14 61 90 52 21 17 10 53 30 4 1 32 15 47 85 14 11 34 83 7 10 
73 50 38 77 67 13 99 81 28 73 97 22 58 77 23 45 88 69 100 45 11 54 45 36 33 2 34 13 34 99 34 45 8 54 26 37 38 84 69 50 24 57 75 70 94 2 23 45 38 93 75 50 20 8 69 68 40 77 32 61 25 1 40 54 64 50 54 26 22 35 
36 11 62 90 23 34 2 91 42 15 85 24 38 54 69 74 90 32 70 3 53 16 75 50 41 7 11 74 7 58 38 31 100 84 50 73 23 67 12 34 56 39 27 90 94 40 95 34 24 75 6 94 45 20 15 6 14 74 11 50 5 24 76 36 59 43 76 66 25 100 
94 28 6 99 78 45 19 4 35 38 13 73 8 50 67 60 79 32 91 83 30 85 79 93 19 53 27 98 44 76 25 41 42 73 83 5 33 55 28 23 87 39 14 63 24 93 48 69 63 98 60 56 26 76 97 11 51 55 44 16 41 37 24 47 54 69 73 29 40 10 
46 16 89 64 17 43 50 61 27 22 29 38 67 47 34 8 40 37 57 87 79 94 74 31 97 13 24 92 85 1 22 20 5 11 3 71 98 76 62 16 85 7 38 29 51 35 74 47 92 40 83 23 52 22 24 59 61 51 14 13 49 51 61 77 76 53 63 58 93 15 
52 68 5 88 18 79 6 29 78 81 12 2 78 79 42 87 60 45 40 50 51 14 25 66 12 35 71 61 100 59 24 78 64 18 84 14 29 67 16 64 98 88 33 50 90 9 54 2 30 33 29 41 27 41 92 63 19 25 11 67 42 8 10 8 54 85 53 36 96 47 
58 36 98 94 94 52 64 31 83 9 2 83 1 4 33 79 87 20 2 70 92 15 85 13 21 45 63 75 57 22 41 1 100 73 94 48 44 61 42 7 78 47 89 78 67 28 59 15 74 12 69 43 45 58 89 84 90 26 45 78 76 85 21 86 29 96 14 50 39 68 
6 95 50 44 21 87 80 79 28 75 36 4 9 8 47 31 14 31 68 42 6 75 33 48 61 62 62 52 74 56 38 45 26 91 32 97 76 98 100 72 28 85 17 62 56 77 13 79 20 72 35 21 32 30 93 11 80 25 3 86 98 74 46 77 16 33 79 93 16 87 
94 28 80 42 19 41 63 17 100 21 95 25 61 80 25 95 91 55 29 38 47 100 67 95 38 91 78 56 8 12 51 14 34 85 2 14 95 61 67 49 72 61 99 79 36 66 35 5 40 3 30 39 14 64 71 1 67 27 54 31 87 35 8 26 5 86 47 5 100 35 
50 82 32 7 84 57 12 87 32 22 92 59 66 98 81 70 20 26 56 2 83 39 47 65 58 93 95 59 63 86 99 38 14 6 92 20 43 57 62 12 63 88 37 36 21 56 16 8 68 55 70 47 1 56 73 38 95 1 67 73 71 35 27 42 69 1 5 67 90 41 
86 8 60 100 46 24 11 24 10 28 25 95 16 34 12 34 8 14 58 91 90 7 81 30 34 76 85 37 31 60 83 10 3 31 3 42 89 30 16 52 44 78 46 40 7 83 16 24 21 50 67 54 44 89 11 88 32 35 36 96 69 24 68 36 93 5 56 17 83 67 
16 22 93 60 98 68 63 23 49 16 68 33 26 8 44 24 71 61 90 71 56 20 60 30 67 27 94 43 95 83 15 29 59 56 18 48 71 12 11 65 43 68 64 40 55 15 50 91 43 36 32 69 52 67 20 22 26 59 63 56 16 82 14 51 89 76 6 1 32 24 
88 94 98 9 81 14 22 32 95 18 70 43 73 3 52 13 68 29 95 11 23 85 95 11 51 53 82 42 38 80 33 76 69 72 78 70 84 23 79 95 19 10 59 72 22 16 64 28 36 86 53 68 44 93 24 86 35 60 82 20 14 4 74 59 35 13 80 89 61 63 
59 100 37 18 24 24 74 5 48 95 93 9 48 50 94 76 75 74 18 11 98 41 25 85 3 87 45 69 98 100 19 63 8 23 34 2 4 99 18 100 8 17 83 58 91 45 30 90 41 33 23 23 36 40 24 99 52 22 64 7 61 13 95 74 59 31 41 2 71 37 
66 56 100 55 57 70 92 81 32 20 92 5 50 58 38 26 14 87 1 17 27 35 30 6 49 44 93 41 27 35 33 41 53 57 64 17 8 96 62 85 35 45 18 83 40 90 38 39 64 76 78 8 83 9 63 24 96 86 4 61 67 96 94 60 71 52 53 71 67 97 
10 58 36 5 85 51 5 3 46 27 25 63 64 86 16 29 86 86 8 67 70 47 46 62 58 38 5 80 1 96 75 44 42 100 54 69 83 77 32 59 60 69 10 34 49 97 53 76 90 46 18 23 17 11 56 48 93 59 63 10 61 33 44 89 31 19 30 100 10 81 
82 100 86 18 90 7 10 35 95 70 94 26 14 47 55 16 92 18 36 79 8 72 34 39 97 92 17 87 99 90 84 70 27 45 23 31 26 26 8 53 17 13 24 87 7 94 43 15 63 80 53 18 97 92 34 88 26 30 72 83 18 59 72 73 38 59 39 30 66 61 
81 19 100 83 99 93 66 16 53 44 80 55 45 35 10 90 63 44 36 18 33 57 35 88 54 70 67 81 66 43 53 50 19 57 68 39 39 40 18 90 8 95 32 74 9 63 82 12 31 93 3 20 66 91 89 53 94 29 39 99 68 36 20 21 61 74 48 18 28 67 
48 90 46 44 10 45 75 66 41 4 36 33 42 45 9 6 40 24 72 70 86 13 9 43 54 96 94 4 80 63 50 80 95 51 22 87 51 89 9 12 72 1 25 90 46 44 60 94 10 35 16 64 43 64 85 34 36 93 88 25 73 34 57 85 60 70 72 75 63 5 
37 9 51 72 90 38 79 49 53 14 76 77 2 72 91 7 92 15 38 27 94 42 15 35 97 63 63 69 81 77 29 69 21 96 9 8 75 5 12 69 87 64 73 74 26 42 49 75 54 62 19 7 16 74 61 47 51 94 19 3 15 49 6 70 56 86 3 65 3 41 
