11 
4 4 
s 9 88 12 
85 4 8 5 
9 15 50 7 
1 80 12 e 
13 11 
5 1 1 1 2 2 5 e 3 5 5 
5 1 5 3 1 4 3 2 4 4 4 
3 2 4 2 4 4 4 4 2 5 3 
1 1 4 2 4 1 2 4 3 3 4 
5 5 s 2 2 5 5 5 3 5 3 
5 2 3 3 1 5 3 2 3 1 4 
3 5 3 2 4 4 4 4 3 2 4 
3 3 4 2 5 4 2 2 2 3 2 
2 2 4 5 3 2 5 2 2 3 3 
3 4 1 3 5 4 4 3 4 4 1 
3 3 4 2 5 1 4 4 4 5 2 
5 5 5 4 2 1 4 4 3 1 3 
5 1 5 2 4 2 4 3 2 1 4 
13 14 
3 4 5 1 2 4 2 3 5 2 2 4 5 2 
2 1 4 3 3 5 4 5 3 2 4 1 2 1 
2 1 3 2 4 5 3 5 3 5 5 4 4 1 
3 3 1 3 1 5 3 5 1 5 4 3 2 5 
1 1 3 3 1 2 4 2 5 1 2 4 1 3 
4 3 1 4 4 5 5 4 1 3 3 1 1 2 
5 2 5 1 1 1 5 2 4 5 3 4 4 4 
2 4 3 1 1 4 4 5 e 2 2 3 3 1 
3 2 3 3 1 3 1 4 4 3 4 2 1 2 
2 4 3 5 1 1 1 5 5 3 2 4 5 5 
4 2 5 3 1 2 2 4 1 5 1 3 4 1 
1 3 1 1 3 1 2 5 4 2 2 3 1 4 
3 2 1 2 4 1 4 4 4 4 1 3 4 s 
12 12 
2 2 1 2 1 5 5 5 3 4 4 3 
1 5 1 1 4 5 4 5 2 3 5 1 
2 2 3 2 5 4 1 1 2 1 3 e 
3 3 4 1 5 5 s 5 5 3 1 5 
3 2 4 5 2 2 1 5 1 2 3 5 
2 4 3 2 4 5 5 4 3 4 3 4 
5 5 4 3 4 1 3 5 4 5 1 2 
2 3 3 4 4 4 5 3 1 4 2 1 
3 1 2 5 4 5 4 2 3 3 2 3 
3 5 3 5 4 1 4 3 3 1 4 5 
1 5 2 2 3 2 2 2 1 4 4 4 
1 2 2 5 3 5 3 3 1 3 5 5 
13 12 
5 3 5 2 3 2 2 3 5 1 1 2 
2 1 5 5 4 5 5 2 2 3 5 3 
1 5 3 5 5 4 2 4 3 2 5 4 
4 5 5 5 1 3 3 2 2 1 2 2 
4 4 4 5 2 3 5 5 1 2 3 3 
1 2 s 2 5 5 1 5 4 5 2 1 
2 4 5 1 3 2 5 4 5 1 1 1 
5 3 5 2 2 4 1 4 4 3 4 5 
4 3 5 1 2 1 2 4 3 4 4 4 
1 1 3 3 5 1 5 4 4 3 2 3 
2 4 1 1 1 1 3 3 4 5 5 2 
3 5 2 1 3 2 4 1 4 4 5 e 
2 4 1 5 2 3 1 4 3 4 3 5 
10 12 
3 1 1 5 3 4 4 4 4 1 3 2 
3 5 2 5 2 3 5 3 3 1 2 2 
4 4 2 5 3 1 3 1 4 4 5 4 
5 1 4 2 1 3 3 1 1 1 2 5 
1 4 4 4 5 2 2 5 5 3 1 5 
2 1 2 2 4 2 4 4 2 1 3 5 
4 4 3 4 4 3 2 2 1 2 3 4 
1 2 5 1 1 2 1 2 1 4 1 2 
4 5 4 1 1 5 1 2 2 s 1 3 
e 3 3 2 4 2 1 4 1 1 3 2 
10 12 
1 5 5 1 2 5 2 2 5 3 5 1 
2 1 2 3 2 5 1 5 5 2 2 2 
4 s 2 3 1 1 4 5 2 5 2 5 
1 4 3 4 2 5 5 3 2 4 2 5 
5 1 3 4 1 e 1 5 5 4 1 4 
3 3 4 1 3 1 1 5 3 2 2 1 
3 5 4 2 3 3 4 1 4 5 3 4 
5 1 2 4 4 2 2 3 2 3 5 4 
5 3 4 2 2 1 4 4 4 3 3 4 
1 5 3 4 5 2 2 1 3 5 1 3 
11 13 
5 5 2 1 s 2 4 4 4 5 2 5 3 
4 1 3 2 5 2 e 1 5 3 2 2 4 
3 4 4 3 5 4 3 4 2 1 1 5 2 
3 3 5 4 5 4 3 1 3 1 3 3 4 
1 2 5 5 5 4 1 5 2 2 1 1 4 
5 4 4 1 2 3 3 5 4 5 5 4 4 
4 3 5 1 3 4 1 3 5 2 2 4 5 
4 4 2 3 1 4 5 4 3 1 5 2 3 
3 1 5 5 2 2 3 4 1 2 3 2 4 
3 2 1 5 1 4 2 4 4 5 5 3 2 
1 2 1 3 5 3 4 3 1 2 1 5 3 
14 15 
3 3 1 1 3 4 4 2 5 2 4 4 3 1 3 
1 2 2 3 1 1 1 3 3 2 3 1 2 4 5 
1 5 1 5 4 1 2 3 1 5 3 3 4 4 3 
1 1 1 1 5 1 4 4 5 4 5 4 5 5 4 
3 5 3 1 4 2 5 3 3 3 1 1 2 5 5 
3 4 5 2 2 1 2 5 3 4 2 2 2 1 4 
1 2 2 5 2 5 1 5 3 1 2 1 5 1 3 
2 2 4 5 3 3 1 2 1 1 2 1 2 5 5 
2 5 3 1 1 4 4 1 5 1 2 5 3 2 2 
4 3 5 2 5 3 1 4 4 1 1 1 1 3 1 
4 4 2 2 1 4 3 3 5 4 s 3 1 3 2 
e 2 5 2 5 4 1 2 3 2 4 5 4 2 5 
1 3 2 2 5 1 1 1 3 3 5 5 4 3 5 
4 4 4 4 3 5 4 1 4 2 3 2 3 3 5 
12 10 
1 2 2 4 3 3 s 5 4 3 
1 3 2 4 2 1 2 3 3 3 
4 4 3 3 5 3 2 2 2 5 
2 4 2 1 4 2 3 5 5 e 
4 2 4 1 4 1 5 4 2 5 
1 4 5 2 3 5 2 1 3 1 
4 2 3 1 3 1 3 4 4 4 
2 3 1 5 3 1 3 5 4 1 
2 3 5 3 3 2 5 4 4 2 
1 2 3 4 4 2 5 2 3 2 
1 2 3 3 3 5 4 5 1 5 
3 1 1 1 3 3 3 5 4 5 
12 12 
4 2 3 5 2 4 4 3 5 3 4 2 
s e 1 4 5 5 4 3 4 5 5 2 
3 2 3 5 5 2 3 3 5 2 1 2 
1 1 4 4 5 5 4 4 4 4 5 4 
3 2 5 4 5 1 2 5 2 1 3 4 
3 1 5 5 4 5 5 3 2 5 1 5 
3 1 4 4 4 1 1 3 3 1 2 3 
4 1 2 2 1 2 2 3 5 2 1 4 
4 5 3 3 4 1 3 5 4 1 1 1 
4 2 3 3 2 2 4 3 4 4 5 4 
1 4 5 5 2 3 5 5 3 5 5 1 
4 3 3 2 3 5 1 1 2 3 4 4 
