164
799
846
620
752
751
120
154
195
153
327
263
818
432
233
283
621
394
290
647
96
510
379
534
185
459
380
228
673
66
719
578
266
371
311
75
455
767
442
488
520
708
820
196
49
568
344
303
471
131
186
821
644
726
298
293
687
56
129
240
739
806
257
259
789
66
231
487
60
649
760
44
309
886
489
94
733
815
758
476
346
172
112
111
272
633
622
100
325
129
327
195
293
692
722
424
478
666
404
814
436
132
942
370
621
626
498
835
96
705
431
696
70
646
313
295
725
610
742
495
150
323
454
564
762
400
134
331
257
319
74
271
820
216
547
492
515
284
654
195
195
231
657
740
437
779
702
80
226
328
429
204
588
814
45
479
678
154
578
97
414
570
261
336
615
392
56
392
642
622
659
617
211
500
318
500
390
528
201
877
461
120
760
757
146
214
516
274
552
251
135
474
459
797
215
229
237
274
773
106
702
396
319
86
723
413
65
94
547
101
112
296
309
650
230
928
230
391
474
207
525
235
229
570
63
171
150
474
252
458
192
334
63
506
80
480
637
487
733
136
227
613
209
638
276
191
677
563
776
291
406
310
483
96
503
776
643
336
392
568
505
160
145
424
583
132
764
392
406
192
633
308
318
800
696
965
854
559
847
843
519
161
579
325
606
304
307
140
270
174
192
710
355
71
723
247
378
328
228
151
88
701
708
273
906
371
160
63
229
70
166
834
178
115
292
305
777
137
493
362
138
204
67
60
569
70
48
416
717
718
465
299
419
424
262
425
339
881
379
644
110
451
108
700
247
272
263
966
633
53
562
339
239
354
210
308
627
436
531
163
703
199
49
397
207
50
327
549
403
164
174
50
202
496
806
515
351
521
962
631
370
415
364
388
456
51
459
239
556
152
196
187
265
532
484
567
674
142
104
467
610
56
735
273
589
273
423
277
193
350
637
223
264
443
359
682
241
425
366
515
708
388
571
389
559
711
371
203
594
632
442
337
84
270
451
517
498
305
418
487
45
258
167
712
536
203
491
600
814
352
426
143
83
141
480
403
117
440
687
259
245
204
438
619
404
544
72
300
289
98
218
624
757
230
162
303
563
454
700
520
492
462
381
139
546
266
482
100
691
563
81
938
439
79
42
42
630
107
760
583
429
483
197
219
152
396
401
478
175
641
320
179
628
388
40
689
350
105
415
525
574
154
400
115
55
353
207
648
614
304
162
371
72
139
156
290
352
245
120
416
354
413
647
398
185
246
300
235
468
392
493
556
832
534
191
165
714
111
256
346
249
223
688
448
271
591
441
283
284
249
357
208
441
96
208
417
583
120
292
152
290
42
161
562
609
636
190
78
109
782
355
107
630
654
568
104
702
444
215
189
225
406
154
189
167
319
271
337
442
230
309
258
204
479
531
51
124
99
110
485
715
818
126
794
251
680
703
90
774
249
364
746
104
66
699
175
228
388
508
194
63
229
682
120
334
219
581
589
254
138
82
416
258
141
665
452
708
877
656
121
205
109
853
603
351
644
161
624
491
616
88
252
168
895
309
378
582
503
112
289
499
187
107
396
682
164
776
448
321
68
944
706
236
410
772
296
259
611
751
569
454
337
285
306
773
143
96
897
604
306
220
351
433
480
635
340
200
80
366
933
315
469
106
283
304
106
162
674
672
503
607
287
957
888
99
371
541
847
834
776
472
121
212
66
96
92
420
624
892
348
394
268
132
705
388
416
158
298
118
257
314
917
134
266
512
392
138
522
184
334
392
99
131
161
288
728
173
596
767
393
261
285
292
556
687
365
901
398
464
490
491
480
107
595
147
906
806
526
669
816
143
583
170
35
947
68
363
285
42
243
35
541
132
441
144
296
269
703
72
93
442
346
245
871
518
443
836
61
372
98
57
213
272
474
497
173
139
818
293
400
655
137
728
364
407
338
840
106
62
80
760
710
384
375
90
225
528
282
538
655
451
293
177
692
233
174
581
292
505
203
378
208
121
381
451
432
567
846
168
229
466
120
623
413
349
92
192
431
614
471
199
252
574
227
271
163
248
141
566
518
416
650
304
893
616
168
464
232
532
783
352
85
440
455
379
631
235
458
483
520
438
99
229
443
607
382
333
832
487
279
560
104
312
598
749
80
591
244
312
375
454
805
158
294
361
363
404
823
650
631
532
354
392
103
208
231
109
594
461
179
88
69
81
43
130
666
773
424
245
521
164
522
689
520
419
612
448
375
143
895
724
406
360
141
299
54
237
396
144
124
61
343
806
802
81
493
563
890
599
243
727
583
332
583
652
133
313
247
562
245
440
427
709
748
100
358
399
506
493
331
877
776
221
577
189
183
453
812
624
252
643
189
581
129
100
110
32
674
504
153
135
578
185
553
389
213
361
640
79
359
442
369
732
156
103
44
333
97
897
270
806
365
126
447
756
56
699
698
558
676
477
164
270
48
515
486
368
662
44
496
353
378
642
75
271
745
181
134
699
345
483
180
656
275
86
88
584
673
318
452
469
180
613
470
175
768
586
266
106
285
277
489
499
761
56
212
815
860
705
530
137
476
527
838
305
179
430
305
568
584
231
458
49
682
348
690
715
63
146
153
775
309
235
558
501
154
716
590
51
72
482
612
178
614
63
112
233
426
689
125
412
139
456
110
322
551
723
313
596
166
611
317
267
485
249
814
203
240
688
128
500
630
573
42
186
518
772
48
435
516
146
248
45
833
457
910
515
455
740
741
247
195
583
430
400
423
325
141
145
156
140
503
164
365
515
596
229
331
673
769
455
414
489
288
126
455
666
787
256
603
517
374
428
36
653
497
35
243
641
568
108
257
523
515
130
215
69
458
713
386
174
660
492
699
439
420
527
95
660
550
474
315
796
95
81
72
369
585
568
277
517
248
177
565
524
190
32
813
117
260
423
596
203
99
96
139
493
120
99
555
157
214
164
437
343
644
455
820
178
673
140
778
411
258
112
717
644
259
336
529
227
188
876
553
97
300
967
77
406
882
99
906
954
559
157
211
575
464
108
438
500
511
299
362
446
361
281
724
928
72
795
731
791
390
404
581
114
608
781
450
384
558
679
797
556
561
360
150
470
60
364
240
631
496
652
402
342
299
169
361
494
470
564
772
429
248
271
336
324
166
518
644
207
792
576
186
287
159
468
825
331
722
186
529
211
391
349
142
308
438
118
697
88
150
206
73
560
650
547
63
614
147
463
144
261
580
72
725
184
355
259
811
183
187
483
429
667
417
515
926
191
200
645
835
60
552
801
316
152
393
538
38
725
707
109
226
437
716
340
609
674
592
179
118
352
405
254
650
676
445
86
530
821
504
151
536
72
589
687
527
565
539
104
537
237
466
140
372
164
551
420
64
424
485
514
224
250
486
712
528
483
474
377
66
120
830
840
183
576
57
431
69
161
78
280
810
335
418
546
476
590
536
174
407
636
797
345
234
436
270
333
440
126
267
210
138
264
817
347
89
746
491
80
332
750
304
169
366
578
774
628
191
128
520
494
504
462
251
454
188
410
289
62
451
307
299
36
738
450
70
116
269
536
514
109
542
412
183
397
331
80
907
81
328
154
706
352
114
188
259
404
81
196
566
115
472
532
269
446
187
412
571
638
99
488
518
255
637
569
541
773
565
273
740
487
156
428
159
467
159
758
178
43
303
359
484
421
578
135
671
518
158
139
323
764
456
76
98
860
190
719
399
435
231
636
251
249
176
664
376
113
207
450
459
326
271
617
854
116
107
90
603
213
587
80
97
575
589
132
460
511
365
473
77
577
249
414
150
278
653
815
920
55
513
163
206
280
572
269
42
523
42
438
582
243
666
178
171
136
533
130
366
665
589
273
721
174
559
744
538
240
203
272
436
868
336
425
683
108
259
359
324
367
631
268
366
354
562
835
119
685
42
80
406
691
196
693
372
225
139
363
457
957
63
216
30
890
402
335
240
443
449
218
295
303
731
722
795
269
308
731
762
508
723
230
489
585
552
624
909
517
333
498
406
242
738
126
47
718
156
75
338
561
661
359
135
119
483
420
184
693
382
191
104
759
284
387
56
601
486
98
388
883
934
323
90
588
377
608
689
564
586
227
565
626
247
708
200
410
492
201
372
90
189
253
383
856
392
70
173
639
485
112
110
711
681
310
863
261
208
351
284
292
805
852
652
418
92
829
174
845
50
490
557
724
637
207
143
419
546
246
434
587
461
548
592
192
250
174
361
329
140
189
170
480
88
693
459
908
327
469
332
104
130
898
111
562
96
536
596
56
756
589
246
328
116
365
461
556
700
554
565
265
82
720
90
264
588
418
224
388
421
501
490
282
739
88
113
771
411
555
697
263
558
54
348
442
90
89
493
168
413
151
572
631
673
150
708
624
733
120
521
499
954
209
42
389
129
443
686
268
277
110
545
368
110
249
506
334
79
793
136
215
189
464
579
646
238
272
180
224
680
140
632
147
482
433
72
816
209
68
808
801
608
561
797
350
369
424
604
104
816
79
704
51
49
350
485
546
80
638
110
157
629
82
530
43
353
414
302
465
469
379
546
329
595
723
574
527
64
521
420
151
586
400
456
287
63
175
512
702
265
72
692
596
151
539
99
859
112
426
207
56
404
446
266
241
97
186
563
592
107
520
454
106
454
819
208
472
229
63
135
520
435
295
437
163
53
486
816
110
383
864
351
117
593
249
104
202
227
125
324
611
349
390
623
632
240
236
249
180
336
582
299
743
506
280
93
516
177
46
744
654
613
863
90
644
376
80
416
272
658
72
143
540
627
415
524
291
370
526
372
87
475
509
83
601
593
923
228
84
203
274
142
772
150
102
502
661
90
557
366
718
55
374
342
337
318
274
311
126
610
110
588
106
236
518
135
707
328
571
54
268
244
944
634
281
90
299
779
306
110
130
564
95
687
439
230
510
163
192
96
736
175
375
121
673
697
562
639
110
551
445
237
391
438
265
815
696
120
561
506
286
883
270
198
175
216
566
516
488
367
719
160
600
861
521
239
421
670
699
242
178
577
530
355
468
608
841
632
622
156
214
208
375
664
240
560
793
109
40
80
118
327
115
334
466
208
604
582
357
681
380
620
704
119
67
691
510
194
56
276
412
417
320
197
763
105
77
618
791
77
62
310
662
594
580
444
583
288
361
225
422
287
886
379
139
159
749
617
414
155
489
509
330
850
191
315
48
745
241
239
158
182
257
799
337
543
666
602
307
227
143
135
319
490
896
520
695
354
175
878
203
523
115
392
64
717
290
713
451
541
370
354
659
263
594
836
464
161
152
544
35
270
465
428
132
480
341
557
153
329
198
388
218
252
186
350
85
199
341
293
257
694
708
937
333
470
196
261
273
278
60
613
56
527
130
43
128
267
569
64
767
179
56
263
809
471
220
730
278
134
128
888
301
616
497
834
727
428
673
497
602
594
230
482
704
330
792
687
585
451
606
153
199
472
275
120
205
416
132
758
191
689
102
309
364
607
293
491
39
468
131
40
786
443
382
227
655
771
412
338
119
460
696
697
706
519
758
688
88
204
796
316
784
762
362
248
314
597
64
130
104
90
355
498
552
485
241
237
431
411
195
67
895
202
110
95
304
221
590
449
659
109
112
737
373
745
399
403
820
341
438
600
703
705
617
561
409
258
154
824
570
704
878
104
427
140
320
795
852
418
409
302
484
138
659
579
357
252
677
448
472
434
495
816
164
521
235
618
362
569
79
731
315
237
837
494
360
57
264
260
339
848
606
391
53
168
148
698
399
233
270
393
545
238
400
448
81
108
235
158
256
763
106
72
299
814
35
333
443
49
724
198
532
301
116
371
296
424
211
364
439
480
898
101
145
741
287
72
672
543
201
394
104
534
483
202
678
377
263
66
749
176
569
66
895
59
360
562
154
235
228
358
236
790
545
360
397
48
244
389
63
73
785
251
574
372
676
559
595
238
325
64
422
56
323
202
521
59
471
379
185
292
541
364
30
220
126
104
411
335
162
312
60
70
602
635
36
401
695
493
89
196
523
818
797
164
136
272
81
447
126
396
595
832
434
899
815
401
447
375
144
167
388
219
161
829
598
788
212
119
49
498
447
431
821
606
436
540
68
652
333
237
69
90
187
707
337
118
457
82
715
109
832
48
372
389
148
499
332
394
588
247
553
526
503
487
72
729
411
677
249
73
316
77
352
399
81
450
415
541
899
444
207
96
149
258
746
48
294
499
141
668
670
566
82
227
223
305
405
285
355
224
556
74
417
520
702
429
244
550
727
480
523
319
87
754
640
345
404
175
381
48
366
695
523
249
522
474
555
768
160
67
671
98
395
166
189
832
623
130
108
568
595
386
830
113
141
780
741
95
537
275
167
195
494
734
432
557
241
498
528
307
527
264
379
65
514
622
107
542
435
593
603
699
872
252
95
788
110
84
139
726
238
132
504
522
637
443
40
685
657
597
474
317
306
634
511
647
402
697
669
414
410
777
342
606
232
577
373
500
354
833
327
275
276
336
310
311
589
802
309
271
90
108
749
561
597
90
253
72
719
788
416
91
142
206
657
427
568
258
610
317
81
599
319
413
509
800
120
30
101
381
49
197
472
233
100
506
271
416
229
331
156
669
204
344
691
263
334
606
418
676
471
696
607
370
340
59
432
843
783
170
262
445
593
854
677
58
744
709
111
845
96
373
377
269
618
597
574
231
589
289
192
221
349
306
952
322
129
341
582
66
281
437
140
60
381
386
355
108
288
486
133
303
186
108
560
230
107
78
656
270
842
541
697
332
509
92
282
450
473
710
525
619
70
373
60
503
604
150
140
690
153
239
309
606
308
769
108
583
741
344
233
409
435
531
321
733
372
768
432
182
491
281
649
647
176
223
292
151
455
293
309
807
514
463
853
293
316
606
542
733
50
56
340
266
606
53
746
735
694
540
280
893
125
723
182
702
699
507
424
734
628
285
379
92
147
226
931
322
500
767
553
139
765
926
276
331
74
327
473
210
417
185
147
242
130
490
87
103
84
414
372
577
669
116
506
221
463
212
467
461
588
724
55
273
879
743
752
575
478
656
456
150
742
246
616
798
42
602
120
567
534
825
220
476
236
558
220
230
490
318
537
215
771
63
104
42
328
152
658
595
503
283
601
177
560
167
681
72
300
239
536
125
77
248
505
567
365
461
243
825
582
412
333
599
840
123
143
491
72
488
822
86
217
475
443
249
130
585
30
335
202
197
135
306
357
165
742
295
718
651
168
204
208
629
241
69
108
554
180
165
95
196
251
318
789
714
546
647
751
510
579
545
654
138
695
345
54
123
458
96
279
90
134
406
121
892
599
130
64
214
203
202
357
547
551
379
598
726
128
318
395
80
846
388
248
308
502
85
316
492
683
826
827
470
110
303
369
360
474
339
128
305
562
451
520
292
380
103
713
307
397
385
486
90
515
857
120
537
515
466
523
271
459
415
283
126
204
343
68
345
652
185
342
192
952
515
545
631
442
697
589
382
759
117
327
840
621
454
298
244
99
727
450
655
126
369
122
330
476
546
267
120
71
801
196
449
100
233
697
500
193
266
153
581
159
650
722
88
541
549
714
614
57
596
461
603
169
752
88
638
504
363
727
136
99
116
63
121
623
595
599
310
664
460
464
61
654
538
138
416
457
138
49
682
36
820
85
905
584
278
526
297
552
148
317
533
795
375
535
735
270
360
671
224
417
401
96
235
688
106
625
544
80
683
247
665
390
321
668
291
99
247
254
519
294
186
450
346
86
134
129
220
816
662
49
379
876
275
323
556
234
107
374
326
491
709
384
86
471
229
63
323
136
88
193
267
147
218
497
893
494
589
198
278
543
251
256
213
257
558
419
800
792
711
609
369
550
287
56
794
300
790
791
559
114
86
267
159
484
625
849
90
514
529
629
470
166
129
287
106
408
757
379
339
155
604
156
162
328
283
426
156
223
517
395
209
340
166
473
173
315
725
189
359
784
281
63
390
365
348
104
63
108
530
262
500
819
547
191
333
238
180
144
327
239
532
707
504
184
686
270
895
359
552
169
35
950
294
694
577
403
640
92
644
286
232
124
667
502
349
856
336
273
205
122
63
101
191
387
420
354
288
286
462
497
311
77
594
234
158
493
293
866
380
428
227
91
191
838
509
359
282
319
735
98
655
824
422
653
98
367
63
415
385
72
107
338
333
445
334
413
337
133
734
764
60
349
455
219
72
282
450
450
738
297
549
544
140
573
229
630
654
619
77
411
555
832
153
128
164
177
442
239
278
130
562
173
250
799
184
266
80
331
811
386
478
280
319
154
371
428
499
461
378
142
104
66
237
831
168
48
740
323
635
448
620
108
144
522
266
585
213
622
519
498
270
245
71
480
394
439
480
633
245
89
91
629
756
591
591
440
451
614
559
631
339
692
312
445
451
695
404
850
540
144
633
195
154
309
506
570
78
499
840
126
497
294
838
343
372
493
324
143
283
587
398
495
319
796
150
680
485
677
476
123
685
762
245
288
743
134
912
515
640
490
677
869
40
457
780
432
550
750
168
926
851
526
708
409
212
115
437
487
149
600
190
362
185
727
552
702
198
208
182
503
410
434
227
201
108
122
70
96
298
210
277
276
88
535
711
688
407
771
873
77
459
206
686
147
795
484
181
194
474
462
231
255
787
201
424
40
961
441
54
231
131
111
850
516
451
137
548
448
462
328
621
278
436
217
66
99
70
437
458
308
295
473
439
755
153
613
591
639
455
354
917
415
48
124
359
600
388
218
361
371
87
132
345
179
97
139
192
94
302
854
171
173
430
366
676
260
218
586
210
344
199
129
432
298
565
464
156
309
518
516
117
535
117
256
514
272
277
436
266
271
360
654
179
456
262
448
610
199
730
110
300
210
382
545
523
492
390
651
440
440
108
664
371
277
407
877
525
237
154
373
510
158
117
236
276
364
123
546
476
343
729
465
658
168
824
517
224
164
284
262
755
229
697
438
158
375
80
453
220
247
143
528
427
750
76
578
202
696
292
556
146
346
225
359
293
902
425
635
185
589
714
137
467
356
573
276
509
444
208
316
93
412
599
222
365
333
88
199
914
291
101
360
502
130
442
593
514
301
832
573
225
445
399
90
161
223
783
581
498
193
278
540
470
513
624
143
242
413
854
672
354
88
598
513
498
527
282
549
291
688
353
117
99
237
109
764
588
359
514
692
100
407
421
689
101
326
396
107
397
79
79
723
532
680
202
68
366
311
635
80
430
707
602
465
677
551
168
56
576
239
140
117
294
742
284
409
225
359
225
309
527
566
552
735
216
335
207
106
859
278
150
50
315
594
132
318
879
556
815
266
678
162
800
312
515
141
332
424
173
617
365
665
55
355
852
579
389
692
179
687
102
670
577
464
661
181
165
358
232
413
367
351
368
645
628
594
383
81
533
271
659
321
373
153
390
342
307
414
568
221
677
215
230
177
376
398
172
451
164
306
147
257
695
80
486
567
302
692
668
81
661
612
267
215
314
158
130
147
461
513
56
416
673
760
300
497
243
740
110
354
565
135
885
160
152
239
864
779
101
532
593
93
575
274
49
120
272
656
426
354
180
84
63
442
137
724
653
243
236
660
567
612
530
375
531
164
835
546
432
617
659
415
428
502
314
252
319
659
408
475
409
683
447
253
661
344
104
325
459
250
99
308
363
135
182
367
607
220
350
337
88
68
676
336
135
412
587
185
603
429
139
548
425
467
555
265
706
37
570
42
454
751
727
487
160
307
480
813
99
675
672
263
343
780
514
154
388
551
588
562
231
247
453
216
661
379
212
188
469
339
450
130
640
96
529
437
141
825
679
299
51
944
257
66
110
97
342
143
694
218
416
680
666
195
130
728
886
408
90
292
723
143
387
519
499
230
279
856
662
569
148
605
70
541
368
245
192
77
131
172
39
776
288
93
679
584
461
102
821
540
397
83
362
167
219
379
139
311
413
280
290
850
169
80
423
84
889
150
405
427
747
128
468
188
287
175
305
527
263
341
458
536
174
306
365
654
88
375
473
298
450
320
110
143
336
167
633
639
424
434
60
422
91
436
298
399
174
266
877
530
315
211
94
150
361
114
836
747
402
443
354
334
422
223
621
151
412
732
173
123
231
564
138
887
712
648
608
127
707
453
694
444
50
771
510
42
235
276
727
424
276
320
404
324
449
564
154
593
136
766
491
404
411
718
311
283
374
83
618
415
402
361
472
792
484
492
754
48
763
311
951
774
177
554
357
110
381
187
156
87
379
193
442
679
527
692
103
231
485
167
435
276
515
89
739
288
90
325
571
586
579
332
651
385
64
554
530
834
86
289
54
680
579
329
256
385
186
314
810
162
721
72
253
687
629
376
269
98
164
526
701
85
187
137
271
111
388
673
475
495
624
750
364
558
290
591
547
290
80
64
771
224
162
585
158
162
416
487
231
178
351
447
497
684
485
695
108
203
126
208
144
886
185
605
641
220
474
667
831
343
164
393
531
133
297
451
80
822
492
464
166
56
339
753
509
164
88
581
575
394
200
140
894
299
340
348
678
433
615
667
32
89
137
501
147
84
81
252
30
315
425
60
148
171
200
279
246
48
248
156
372
831
530
50
108
296
353
520
843
206
237
620
242
780
284
190
182
525
405
646
544
671
821
262
102
450
327
308
179
161
327
130
282
536
249
685
188
229
319
780
515
570
525
703
90
252
399
471
194
202
747
331
375
717
322
84
229
211
150
315
521
462
264
56
634
299
822
942
109
474
447
261
477
399
342
572
345
48
123
51
166
220
342
280
207
753
824
153
607
496
258
63
679
411
775
362
204
153
689
444
765
559
198
539
606
89
542
105
247
860
469
678
399
758
593
59
212
344
390
377
656
693
129
159
306
473
346
54
172
462
644
178
165
435
790
372
80
363
372
716
732
498
272
80
704
294
825
137
647
131
427
455
519
672
802
832
290
70
810
93
154
341
151
272
175
576
321
209
583
244
805
484
494
129
428
698
474
667
158
601
281
552
77
268
416
839
496
192
490
738
374
36
102
154
307
512
306
118
533
241
486
383
169
130
501
431
769
523
92
864
179
389
86
598
185
119
108
397
644
144
145
573
122
629
291
580
688
360
570
111
164
515
276
297
825
215
50
460
926
103
605
489
183
79
485
699
419
861
201
370
117
204
558
862
180
77
464
281
157
424
56
383
444
302
487
946
573
840
215
307
821
357
497
535
918
817
143
97
368
411
832
123
402
689
319
152
264
825
446
448
706
598
461
451
500
313
131
195
521
159
173
728
56
108
267
459
676
217
654
782
133
447
352
428
551
413
144
128
395
347
763
264
746
745
609
403
179
749
461
858
82
510
217
350
677
559
80
546
107
243
877
199
94
710
196
738
582
689
813
435
331
281
166
465
355
222
667
571
455
364
607
587
616
486
438
610
537
578
52
77
540
495
539
74
351
90
354
314
454
750
625
69
134
610
157
752
377
540
454
172
667
256
382
88
229
104
591
436
430
327
336
406
865
447
331
564
431
497
618
563
117
409
283
340
140
476
522
168
240
536
547
311
294
53
119
721
684
439
219
98
772
518
372
578
902
35
436
105
405
645
596
392
564
152
336
91
195
249
791
928
464
777
118
740
615
420
255
707
115
293
455
370
222
687
750
373
132
205
330
163
99
354
625
209
324
214
629
420
454
522
655
54
553
743
577
235
481
81
60
396
384
224
571
49
523
413
489
197
617
740
560
598
351
484
233
161
691
720
612
274
107
409
752
182
68
354
426
307
613
367
293
771
161
243
229
377
426
639
672
210
220
723
85
404
56
204
188
402
486
42
292
472
360
338
130
324
52
554
428
150
767
615
637
522
598
401
527
466
86
652
171
755
56
835
261
448
353
428
387
211
338
449
270
593
346
158
182
439
231
599
607
470
601
695
702
418
439
589
529
824
513
443
118
343
777
469
439
771
453
532
846
259
635
120
780
132
737
710
81
121
380
143
441
269
472
58
441
536
251
228
362
63
784
337
392
48
140
370
132
325
188
329
605
242
746
155
364
774
115
293
222
415
337
809
202
77
282
596
658
624
351
531
627
371
206
269
378
685
130
521
650
557
170
686
297
455
438
353
553
634
715
521
481
176
219
162
180
713
154
326
616
569
416
64
626
307
371
299
438
345
299
63
88
898
389
503
628
918
373
71
219
249
541
580
66
343
432
144
313
339
54
311
466
364
621
589
192
488
124
508
178
890
474
294
422
104
309
170
846
205
132
276
181
278
266
624
540
707
901
295
129
110
590
262
423
201
294
665
134
413
172
207
288
901
685
771
521
613
176
623
630
926
560
623
99
224
269
180
221
283
634
515
792
75
672
42
717
667
295
434
82
522
481
470
743
344
162
84
630
68
696
134
112
794
401
253
621
235
509
636
571
137
548
83
495
352
547
255
309
428
339
236
285
622
129
82
615
524
142
881
280
70
56
69
593
135
433
502
722
740
49
615
630
242
240
176
510
836
209
218
153
774
555
436
843
230
198
418
278
807
227
327
203
323
547
628
203
724
425
353
576
337
508
288
588
279
200
239
243
45
45
538
274
443
344
843
488
447
152
325
179
148
594
897
672
823
52
120
72
776
551
576
415
597
232
767
72
255
90
210
352
851
662
453
445
506
339
181
384
514
228
616
254
67
364
60
489
330
603
289
534
710
601
150
376
607
346
395
868
330
149
862
346
298
443
378
463
796
624
577
193
64
106
796
338
702
433
622
722
269
64
520
174
695
367
623
558
274
174
289
501
102
577
137
441
284
261
143
228
402
533
386
485
353
519
140
90
208
575
129
599
371
302
98
233
507
488
519
536
475
99
416
163
272
427
415
461
710
882
631
186
774
810
103
496
624
304
626
367
158
641
460
741
438
176
689
411
98
425
268
403
115
55
49
676
90
780
705
349
186
463
212
48
187
432
72
434
309
161
64
329
297
79
89
409
513
451
668
727
437
621
250
212
48
56
750
309
578
174
383
104
224
572
630
265
840
775
148
703
540
828
719
89
104
265
381
282
164
411
203
319
84
339
98
280
220
382
435
505
177
583
161
297
589
385
357
77
527
801
435
287
283
128
201
181
802
246
297
523
701
360
366
89
840
563
881
498
809
49
504
180
891
390
198
118
113
192
236
886
133
489
524
425
315
425
80
655
548
491
592
289
226
551
368
448
541
477
252
470
165
684
82
640
579
192
250
260
431
408
627
72
201
192
258
278
265
538
335
195
527
716
351
370
421
126
101
227
290
166
954
339
305
335
174
655
66
331
391
72
418
89
704
263
368
581
684
245
395
199
144
519
378
685
568
732
359
595
711
415
469
509
616
620
469
149
49
156
435
915
135
55
487
72
115
554
660
361
769
80
428
508
816
137
458
149
662
393
232
277
108
547
308
829
354
281
141
785
600
557
840
326
738
342
217
56
347
107
718
621
458
521
130
552
557
582
213
339
617
81
654
473
641
628
406
839
219
539
767
168
197
863
662
524
541
462
288
948
427
95
159
188
752
132
399
822
516
156
130
89
164
635
423
126
413
111
274
154
132
162
875
298
339
840
719
464
160
117
345
450
111
459
232
39
166
774
794
908
683
42
181
254
765
563
723
453
406
223
80
248
863
772
385
753
238
196
72
415
847
238
136
304
218
612
219
312
332
447
376
688
118
187
98
334
281
257
139
405
458
675
493
257
83
295
198
538
128
155
320
923
791
427
308
56
392
118
72
706
293
50
104
46
227
336
425
290
77
511
162
762
124
376
250
109
347
454
530
766
637
76
709
90
894
407
236
466
301
165
192
236
221
318
701
596
266
621
588
741
861
144
414
80
223
646
661
204
607
746
360
386
370
452
170
508
616
204
230
52
810
181
367
446
731
204
164
217
257
702
161
410
130
432
76
275
273
153
288
517
587
83
610
83
841
852
647
381
688
408
426
805
193
157
285
326
99
793
657
196
683
753
466
163
227
281
887
430
646
713
302
528
422
70
417
216
415
272
426
473
353
544
130
175
581
30
655
849
293
168
150
284
130
584
56
712
590
396
681
493
443
174
315
478
670
100
498
388
207
169
139
650
376
214
916
423
148
120
182
233
199
254
99
843
90
290
596
560
34
164
162
532
117
99
580
264
200
167
355
114
242
367
198
769
56
169
170
182
655
457
235
703
187
582
475
110
438
366
179
777
607
123
874
80
420
463
184
99
128
310
767
508
219
63
80
866
434
745
164
604
577
313
196
658
358
117
462
489
726
247
100
258
70
232
143
139
187
63
625
606
216
68
124
604
387
447
681
330
524
644
154
531
122
694
115
745
171
539
620
72
366
300
286
915
160
253
229
793
677
498
151
415
235
351
477
410
440
199
553
329
812
380
411
436
136
350
838
230
916
226
162
238
534
159
95
71
660
705
330
575
147
67
223
119
203
236
275
122
802
378
30
621
748
366
806
472
594
491
318
35
88
260
859
736
410
74
848
239
382
268
409
122
433
211
521
292
611
416
773
564
616
931
132
325
145
452
185
693
98
178
230
740
35
648
540
583
167
98
565
208
140
458
294
646
104
221
494
301
186
376
87
450
71
455
455
614
362
323
81
409
534
509
218
69
203
268
333
167
270
64
353
87
127
586
421
577
166
523
478
404
474
63
328
66
178
566
266
302
178
464
271
758
677
446
481
711
791
313
114
100
599
147
248
255
49
88
83
511
638
360
72
716
620
65
243
244
607
404
534
397
556
333
765
635
702
259
290
429
764
709
90
119
282
732
634
102
460
56
414
246
479
691
673
206
312
435
498
422
380
56
54
144
348
72
533
93
592
176
219
344
506
776
337
106
794
63
576
804
224
552
104
474
464
117
632
701
438
125
835
48
576
140
873
146
72
389
430
144
439
159
320
435
158
90
512
170
251
844
374
715
141
531
454
197
819
230
495
172
56
74
241
485
144
110
55
319
785
507
644
258
179
653
150
864
56
522
102
738
609
418
422
427
47
538
655
529
464
519
844
64
135
840
198
70
108
533
190
445
75
158
524
57
743
132
191
239
590
248
462
926
344
194
55
659
492
412
534
145
171
477
121
601
238
576
570
888
360
164
419
315
110
730
410
137
615
847
580
563
185
288
811
390
551
701
99
214
906
329
805
505
787
543
767
455
531
414
630
36
133
794
434
75
180
584
658
234
486
178
507
148
488
231
853
580
133
544
761
45
433
237
476
59
214
355
510
77
564
735
535
523
446
643
218
910
446
216
86
231
184
402
102
115
73
451
88
375
394
510
529
518
222
479
623
200
590
33
370
510
436
400
125
515
107
114
636
163
494
291
591
890
454
278
667
718
136
127
571
88
80
42
81
67
794
360
425
389
109
113
140
499
227
839
567
539
214
208
285
140
168
188
577
84
288
72
654
176
203
276
464
230
893
583
42
95
593
578
148
84
461
604
304
262
671
90
112
536
483
194
424
791
224
595
530
731
141
650
403
555
640
335
79
110
507
430
355
72
773
461
710
379
183
349
494
708
371
731
626
527
433
498
278
417
384
379
523
397
137
939
342
82
504
270
581
440
43
142
524
167
358
388
356
395
172
100
591
742
591
151
225
618
100
282
98
54
123
573
601
740
597
676
434
81
811
512
182
796
100
35
251
87
132
364
529
108
561
93
110
36
317
390
346
218
601
578
141
381
544
581
337
204
259
98
142
331
651
183
655
701
93
402
56
220
54
452
273
612
504
738
692
132
640
710
58
697
282
123
206
609
267
328
120
578
308
303
117
129
841
368
441
160
254
523
64
616
215
301
429
736
69
45
462
128
320
72
340
267
392
646
609
100
511
58
196
540
612
545
559
313
453
419
518
371
244
346
182
199
692
482
219
268
112
825
766
584
572
96
160
528
242
460
72
149
459
255
612
135
42
389
398
350
90
676
527
791
157
545
794
453
532
643
438
258
575
907
266
400
269
161
523
509
161
629
737
685
56
588
534
267
189
67
739
503
716
153
460
216
250
159
362
188
186
70
163
177
727
120
862
493
138
346
361
602
174
676
225
479
317
54
831
341
773
460
590
185
339
160
416
219
154
140
373
909
507
308
659
263
452
131
387
500
562
747
366
348
236
144
307
138
248
79
72
112
590
467
518
444
230
135
481
50
309
185
546
716
621
90
228
921
496
518
601
200
452
386
192
327
635
702
890
144
596
454
240
495
197
454
180
106
623
419
230
665
136
591
298
413
328
148
461
403
182
447
620
445
368
521
138
663
495
323
221
411
157
250
838
232
340
174
120
114
533
370
888
236
308
445
334
145
487
221
576
536
49
44
438
161
131
33
335
122
247
485
259
496
295
672
110
204
211
549
459
632
552
265
394
819
351
631
789
330
835
314
131
84
100
193
459
642
613
120
766
663
648
583
77
121
507
75
676
276
42
420
210
100
151
461
543
180
191
342
723
612
143
621
219
691
380
322
620
136
92
849
43
153
158
160
777
316
214
266
495
697
620
618
539
344
336
708
669
211
177
457
346
266
286
840
508
743
580
391
300
690
652
195
616
520
101
766
548
80
310
625
264
113
427
71
574
805
204
256
101
90
733
240
542
247
350
802
694
509
365
59
354
172
204
146
440
196
282
221
337
387
917
143
77
341
356
132
386
120
146
465
503
43
216
781
156
291
651
560
192
217
666
660
760
265
505
240
573
261
620
726
319
658
358
224
239
208
451
588
448
173
77
380
112
550
172
89
411
184
596
272
750
56
83
434
297
106
513
258
98
391
451
597
228
563
267
131
562
344
500
291
187
152
599
629
193
745
379
755
253
368
437
256
587
304
100
121
436
412
435
320
168
346
504
338
671
599
440
72
670
325
325
898
108
689
130
257
671
644
365
115
77
740
64
572
350
292
777
153
214
184
121
376
658
90
442
356
283
343
446
563
46
97
167
340
473
42
507
269
761
168
137
295
81
327
213
139
457
615
719
678
828
235
647
739
266
450
615
134
110
737
610
683
177
239
121
561
602
712
245
765
295
893
395
341
136
74
339
414
61
727
505
494
284
224
178
142
135
275
505
486
337
246
581
331
374
109
208
312
394
642
563
360
701
354
850
516
341
386
149
364
578
275
832
945
96
245
197
416
404
513
776
777
493
256
438
64
479
81
379
395
455
492
444
603
345
531
146
88
512
434
831
168
195
284
252
296
645
345
148
272
927
265
507
489
173
238
171
81
87
714
446
433
383
437
536
148
515
537
377
126
342
313
125
564
287
286
140
403
108
182
461
144
180
316
249
292
85
160
366
567
102
369
102
245
263
395
607
253
388
805
476
689
79
142
707
118
187
462
495
187
301
410
595
316
642
154
442
341
378
827
344
432
796
72
632
844
269
259
206
649
885
239
692
189
70
124
638
488
585
246
428
198
232
171
97
383
396
834
230
127
123
125
81
669
584
532
572
29
629
502
263
147
466
752
461
510
76
524
239
717
476
673
589
49
407
237
676
480
354
300
54
311
623
537
547
702
822
540
412
110
294
177
465
227
131
482
237
189
458
531
415
325
149
356
237
833
102
537
719
616
712
145
456
526
103
176
849
197
478
285
555
566
313
267
269
62
305
148
218
588
364
144
110
346
193
360
272
131
513
300
123
322
859
63
132
456
684
180
919
616
437
176
356
675
226
440
30
744
90
35
505
718
407
748
186
305
630
188
428
356
229
42
338
314
143
567
90
261
485
295
93
562
377
505
241
529
120
575
48
352
967
294
56
539
549
340
493
90
847
151
464
494
466
114
722
42
208
294
641
393
685
668
876
231
112
505
735
521
407
295
364
169
262
80
402
35
281
149
563
526
564
627
125
90
154
607
698
718
368
614
521
435
164
593
120
320
175
420
408
362
269
150
157
703
88
433
630
532
557
140
470
584
408
524
838
90
181
564
289
606
451
366
43
273
700
492
418
815
769
810
417
77
460
537
308
109
442
737
140
507
556
510
403
85
168
366
141
101
664
405
484
498
838
502
708
54
664
280
160
433
127
541
375
112
495
284
486
151
120
381
683
343
558
686
90
153
908
299
143
661
484
90
165
417
511
666
573
631
497
177
259
390
671
266
178
327
859
436
137
104
609
246
67
64
801
603
136
233
369
266
453
364
652
204
356
88
727
752
185
546
152
540
151
99
736
80
166
145
572
964
406
654
231
250
234
203
559
116
654
606
483
80
151
348
312
94
542
569
331
441
338
60
378
176
129
524
377
86
498
586
562
256
699
138
81
119
268
195
176
811
463
53
191
505
53
676
485
56
210
457
177
279
54
147
290
101
689
408
299
362
946
423
497
147
110
702
217
217
657
206
508
769
483
479
48
122
508
805
683
280
73
355
690
311
828
103
350
860
611
599
762
422
109
83
486
286
607
223
763
130
180
516
267
318
172
71
72
255
397
841
324
621
598
83
252
455
107
522
647
395
509
278
88
225
527
563
110
479
257
193
710
497
559
94
81
337
281
790
42
648
159
329
179
891
282
514
442
290
694
750
371
611
569
477
375
392
593
688
514
84
91
339
666
487
653
245
561
836
529
536
512
186
305
439
478
687
142
209
525
547
160
454
587
114
131
367
752
414
294
161
320
596
325
525
180
584
274
396
41
584
92
329
538
723
417
270
495
88
712
642
647
122
811
51
50
379
337
538
706
414
95
367
734
281
359
561
204
555
192
404
194
192
591
165
467
261
229
392
193
226
330
455
159
300
130
147
500
168
163
478
418
99
475
132
338
676
627
389
613
70
42
202
857
458
612
811
479
93
473
258
209
673
818
381
524
446
289
655
300
365
384
103
105
338
111
508
167
272
348
230
332
229
386
517
308
847
774
207
509
50
325
483
368
708
550
354
759
411
310
316
897
154
172
877
30
560
711
510
187
311
706
449
426
516
879
460
407
284
310
256
372
598
638
593
109
390
498
30
137
228
193
467
300
438
263
558
111
98
575
230
77
516
158
354
346
214
60
453
394
210
93
770
836
485
273
270
299
56
432
331
405
155
573
634
658
674
62
692
324
424
57
191
616
482
529
311
44
562
401
99
675
294
51
191
178
240
442
596
365
428
628
57
381
723
451
188
258
286
717
501
516
55
566
114
180
265
405
713
597
700
608
260
837
799
370
265
499
451
99
580
105
560
651
234
760
296
411
569
446
106
323
313
152
591
134
346
240
291
692
189
517
733
842
767
691
702
620
196
320
463
606
119
793
266
904
713
409
243
271
412
776
578
149
516
194
470
701
49
182
282
81
129
813
461
573
923
600
229
170
462
637
222
276
682
311
483
645
744
604
87
364
148
271
632
116
404
141
761
49
452
928
705
418
96
40
112
197
113
56
100
125
826
349
867
442
435
662
130
322
308
56
175
676
156
231
450
302
412
216
321
207
862
453
893
79
378
110
230
315
620
156
909
489
142
772
905
685
498
503
126
283
462
721
217
39
540
180
138
370
60
711
175
383
271
89
276
362
644
301
131
64
615
64
401
543
91
176
65
291
332
778
156
192
94
329
541
109
263
221
841
86
121
184
501
513
210
349
177
515
283
133
553
439
338
72
81
278
262
425
495
206
478
759
259
172
76
308
579
155
151
790
672
283
733
208
729
528
927
564
847
199
451
587
326
551
161
397
860
206
257
604
433
408
191
798
664
715
478
257
307
405
383
486
211
269
489
476
861
445
74
420
494
335
367
430
744
514
86
865
472
120
456
100
189
806
420
94
678
262
210
691
217
143
248
942
306
450
215
460
787
58
408
792
438
579
677
110
466
408
599
341
339
540
333
181
59
559
344
248
330
238
476
83
351
308
113
301
389
566
132
584
489
614
699
926
442
239
196
758
679
874
239
283
288
609
449
401
340
204
201
241
195
100
267
213
156
193
363
376
368
66
627
32
599
225
341
378
126
811
168
668
154
422
791
283
511
277
142
470
529
426
208
361
49
596
428
357
120
615
236
435
160
255
96
893
374
295
778
213
80
534
737
332
415
721
680
773
271
511
382
40
201
417
807
125
81
273
643
571
352
257
250
704
397
317
422
305
176
400
382
213
664
546
257
282
97
145
660
302
443
459
319
175
361
213
883
365
220
744
531
389
565
835
220
502
437
187
155
558
737
261
218
164
648
158
461
180
197
205
557
152
445
351
841
232
327
111
688
269
113
272
81
539
351
596
390
97
773
512
201
421
308
654
73
426
556
270
760
60
656
396
643
580
322
565
561
184
100
245
414
706
668
534
256
483
127
625
793
841
810
93
382
70
225
254
60
569
78
595
391
226
504
716
131
569
858
549
423
893
175
166
594
49
705
93
526
456
546
266
659
291
831
235
510
150
44
235
594
684
324
167
99
865
257
132
581
232
119
521
136
631
334
482
629
452
605
454
284
66
182
418
612
624
48
453
877
494
848
393
125
154
954
139
442
251
436
147
223
890
431
771
518
797
941
386
614
133
773
576
451
309
709
171
343
121
91
695
386
334
72
287
90
470
726
199
70
630
562
98
206
466
226
569
482
432
274
364
621
342
320
189
209
202
353
766
643
298
389
649
329
567
881
622
144
574
603
299
407
844
533
132
305
447
180
154
505
98
351
964
802
424
781
120
289
136
536
742
149
279
567
773
607
702
624
469
756
769
56
196
509
536
743
395
759
426
567
820
245
686
338
594
469
277
177
200
297
146
612
226
305
577
430
120
201
259
521
70
351
620
282
212
536
340
878
590
846
122
217
368
257
64
674
341
82
758
247
322
29
566
101
36
107
261
639
397
576
72
639
79
648
884
443
98
441
177
269
422
494
397
518
203
439
261
645
318
96
414
337
274
385
605
284
578
499
373
276
493
713
70
546
375
670
187
395
672
224
624
828
489
681
849
236
472
76
291
504
484
834
645
212
473
371
735
157
347
648
186
870
467
865
457
708
253
255
616
569
805
750
78
35
739
124
738
121
414
861
625
370
286
203
49
164
781
611
266
122
505
550
364
394
474
76
89
545
180
566
86
567
311
368
56
287
496
384
123
90
687
532
549
373
295
353
318
101
68
251
368
143
53
161
857
421
205
406
838
336
797
70
35
149
245
359
543
56
104
435
578
73
705
308
665
448
81
129
758
70
175
510
72
295
116
221
416
630
554
643
468
466
188
159
160
339
638
552
336
457
444
70
341
267
428
71
676
384
438
204
90
140
551
408
302
140
535
729
278
906
377
523
596
330
609
745
705
108
49
366
642
84
583
492
476
424
111
512
503
480
227
533
631
277
317
762
332
303
449
770
822
235
172
45
76
598
478
179
354
786
56
243
422
708
846
374
204
735
842
653
756
449
309
724
536
99
535
325
117
263
477
84
373
694
545
638
561
538
207
519
211
734
878
598
719
96
423
506
519
560
49
780
299
479
774
165
313
340
520
560
420
331
226
392
219
773
181
42
130
246
373
650
244
509
187
628
515
63
559
181
692
133
705
385
438
507
111
375
94
680
475
464
867
149
448
624
680
191
42
163
836
740
370
353
535
480
511
359
229
516
163
226
45
90
161
397
565
99
452
646
725
77
119
75
684
513
661
561
294
200
219
132
426
315
173
301
586
532
538
465
80
86
572
208
346
118
292
238
258
279
763
299
631
663
656
212
160
456
130
842
49
206
368
225
650
48
479
614
671
298
856
722
775
195
230
565
189
189
489
630
360
834
314
590
384
592
420
773
366
447
517
253
148
261
210
173
116
398
132
171
351
530
363
187
589
54
330
770
558
80
320
187
415
178
609
106
231
298
608
349
124
611
620
686
420
877
477
80
227
110
448
518
425
787
292
263
432
504
189
115
182
487
79
538
126
128
562
119
358
319
225
648
374
449
303
123
249
602
421
219
248
848
110
274
258
873
214
83
271
199
214
214
106
69
505
368
275
328
207
455
87
403
52
548
286
200
238
574
284
232
39
80
127
377
587
773
100
117
907
671
174
692
63
552
429
901
138
715
174
128
665
260
487
272
171
766
430
83
430
84
127
450
706
130
165
576
290
188
354
576
223
489
622
87
430
565
88
469
153
626
540
335
141
407
171
372
320
814
325
50
268
42
100
426
738
328
283
467
140
161
729
88
545
406
457
453
434
466
180
113
361
406
189
813
185
160
816
801
616
275
527
478
180
891
335
510
302
496
100
580
251
697
784
658
702
386
371
288
290
480
310
585
287
132
605
581
119
165
402
140
315
120
485
414
526
120
120
374
272
428
543
832
74
419
329
880
126
269
682
461
172
559
80
371
560
80
134
509
599
741
743
503
363
912
213
113
213
631
926
107
404
469
396
132
386
237
495
370
516
470
132
743
633
104
97
674
225
91
694
409
516
120
224
77
739
274
258
474
104
245
220
709
410
675
359
98
73
201
325
483
226
500
185
443
218
491
85
172
517
301
222
72
469
526
158
373
172
514
569
77
117
620
139
114
463
98
248
623
411
649
415
378
572
491
542
722
469
371
610
898
54
144
173
252
268
585
396
386
209
549
751
532
666
533
615
47
614
598
107
313
234
103
339
583
93
377
783
146
176
727
617
532
167
651
116
139
42
227
839
604
49
741
417
557
481
447
251
180
807
548
102
67
87
336
729
70
234
310
284
81
301
238
488
106
148
159
246
142
92
546
456
261
592
778
87
650
281
211
487
689
699
338
269
427
323
251
